   -1
mcnp    6                        05/08/13 02/11/15 20:57:23 
First Attempt at P Mapping Input Deck                                           
   1.4000E+01  1.0000E+00  1.0000E+02  0.0000E+00  0.0000E+00  1.0000E+00  1.0000E+00  0.0000E+00  1.0000E+00  1.0000E+04
   0.0000E+00  0.0000E+00  0.0000E+00  0.0000E+00  0.0000E+00  0.0000E+00  1.0000E+00  2.0000E+00  0.0000E+00  0.0000E+00
     2    6    9    7    9    7    9    7    9    7    9    1    4    0    0    0    0    0    0    0
    1   2   7   8   9  17  18  19  20  21  22  23  24  25  26  27  28   7   8  10  11  17  18  19  20  21  22  23  24  25
   26  27  28   7   8  12  13  17  18  19  20  21  22  23  24  25  26  27  28   7   8  10  11  17  18  19  20  21  22  23
   24  25  26  27  28   7   8  14  15  17  18  19  20  21  22  23  24  25  26  27  28
          1      1000
       4000         1        40        10         1         0
   0.00000E+00  0.00000E+00  0.00000E+00  0.50848E+00  0.47328E+00  0.71935E+00  0.14000E+02  0.10000E+01  0.00000E+00
       4000         5     92235        18        10         1         1
   0.46056E+00  0.42868E+00  0.65156E+00 -0.27730E+00 -0.44091E+00  0.85364E+00  0.32742E+01  0.99979E+00  0.17697E-01
       3000         5     92235         2        10         1         2
   0.40436E+00  0.33931E+00  0.82458E+00  0.82574E+00 -0.26341E+00  0.49876E+00  0.32550E+01  0.99706E+00  0.25816E-01
       5000         6         1        46        20         0         2
   0.42984E+00  0.33119E+00  0.83997E+00  0.82574E+00 -0.26341E+00  0.49876E+00  0.32550E+01  0.99706E+00  0.27056E-01
       2007         6         1         1        20         0         2
   0.42984E+00  0.33119E+00  0.83997E+00  0.82574E+00 -0.26341E+00  0.49876E+00  0.32550E+01  0.99706E+00  0.27056E-01
       4000         5     92235        19        10         1         1
   0.46056E+00  0.42868E+00  0.65156E+00 -0.88768E+00 -0.42595E+00 -0.17488E+00  0.59060E+01  0.99979E+00  0.17697E-01
       3000         5     92235        91        10         1         2
   0.14693E+00  0.27819E+00  0.58978E+00  0.56180E+00  0.32919E+00  0.75896E+00  0.13267E+01  0.99930E+00  0.28257E-01
       5000         6         1        14        20         0         2
   0.34225E+00  0.39264E+00  0.85364E+00  0.56180E+00  0.32919E+00  0.75896E+00  0.13267E+01  0.99930E+00  0.50103E-01
       2007         6         1         2        20         0         2
   0.34225E+00  0.39264E+00  0.85364E+00  0.56180E+00  0.32919E+00  0.75896E+00  0.13267E+01  0.99930E+00  0.50103E-01
       3000         4     92235        19        10         1         1
   0.46056E+00  0.42868E+00  0.65156E+00 -0.64678E+00  0.41794E+00  0.63797E+00  0.18222E+01  0.99979E+00  0.17697E-01
       5000         5         1        58        20         0         1
   0.31794E+00  0.52084E+00  0.79224E+00 -0.64678E+00  0.41794E+00  0.63797E+00  0.18222E+01  0.99979E+00  0.29524E-01
       2007         5         1         3        20         0         1
   0.31794E+00  0.52084E+00  0.79224E+00 -0.64678E+00  0.41794E+00  0.63797E+00  0.18222E+01  0.99979E+00  0.29524E-01
       3000         3     92235        19        10         1         1
   0.46056E+00  0.42868E+00  0.65156E+00 -0.36705E-01  0.20284E+00 -0.97852E+00  0.11753E+01  0.99979E+00  0.17697E-01
       5000         4         1        44        20         0         1
   0.41373E+00  0.68746E+00 -0.59685E+00 -0.36705E-01  0.20284E+00 -0.97852E+00  0.11753E+01  0.99979E+00  0.10286E+00
       2007         4         1         4        20         0         1
   0.41373E+00  0.68746E+00 -0.59685E+00 -0.36705E-01  0.20284E+00 -0.97852E+00  0.11753E+01  0.99979E+00  0.10286E+00
       3000         2     92235        19        10         1         1
   0.46056E+00  0.42868E+00  0.65156E+00 -0.75580E+00 -0.56198E+00 -0.33607E+00  0.80608E+00  0.99979E+00  0.17697E-01
       5000         3         1        24        20         0         1
  -0.83967E+00 -0.53811E+00  0.73413E-01 -0.75580E+00 -0.56198E+00 -0.33607E+00  0.80608E+00  0.99979E+00  0.15632E+00
       9000         3         1         5        20         0         1
  -0.83967E+00 -0.53811E+00  0.73413E-01 -0.75580E+00 -0.56198E+00 -0.33607E+00  0.80608E+00  0.99979E+00  0.15632E+00
          2      1000
       4000         1        40        10         1         0
   0.00000E+00  0.00000E+00  0.00000E+00  0.89521E+00 -0.44468E+00 -0.29444E-01  0.14000E+02  0.10000E+01  0.00000E+00
       3000         1     92235         2        10         1         1
   0.71835E+00 -0.35683E+00 -0.23627E-01  0.76905E+00 -0.63059E+00  0.10450E+00  0.13996E+02  0.99979E+00  0.15678E-01
       5000         2         1        12        20         0         1
   0.87456E+00 -0.48491E+00 -0.24003E-02  0.76905E+00 -0.63059E+00  0.10450E+00  0.13996E+02  0.99979E+00  0.19647E-01
       9000         2         1         1        20         0         1
   0.87456E+00 -0.48491E+00 -0.24003E-02  0.76905E+00 -0.63059E+00  0.10450E+00  0.13996E+02  0.99979E+00  0.19647E-01
          3      1000
       3000         1        40        10         1         0
   0.00000E+00  0.00000E+00  0.00000E+00 -0.61843E+00 -0.44948E+00  0.64461E+00  0.14000E+02  0.10000E+01  0.00000E+00
       5000         2         1         0        20         0         0
  -0.61843E+00 -0.44948E+00  0.64461E+00 -0.61843E+00 -0.44948E+00  0.64461E+00  0.14000E+02  0.10000E+01  0.19538E-01
       9000         2         1         1        20         0         0
  -0.61843E+00 -0.44948E+00  0.64461E+00 -0.61843E+00 -0.44948E+00  0.64461E+00  0.14000E+02  0.10000E+01  0.19538E-01
          4      1000
       3000         1        40        10         1         0
   0.00000E+00  0.00000E+00  0.00000E+00  0.97100E+00 -0.56652E-01 -0.23226E+00  0.14000E+02  0.10000E+01  0.00000E+00
       5000         2         1         0        20         0         0
   0.97100E+00 -0.56652E-01 -0.23226E+00  0.97100E+00 -0.56652E-01 -0.23226E+00  0.14000E+02  0.10000E+01  0.19538E-01
       9000         2         1         1        20         0         0
   0.97100E+00 -0.56652E-01 -0.23226E+00  0.97100E+00 -0.56652E-01 -0.23226E+00  0.14000E+02  0.10000E+01  0.19538E-01
          5      1000
       3000         1        40        10         1         0
   0.00000E+00  0.00000E+00  0.00000E+00  0.58613E+00  0.14963E+00 -0.79628E+00  0.14000E+02  0.10000E+01  0.00000E+00
       5000         2         1         0        20         0         0
   0.58613E+00  0.14963E+00 -0.79628E+00  0.58613E+00  0.14963E+00 -0.79628E+00  0.14000E+02  0.10000E+01  0.19538E-01
       9000         2         1         1        20         0         0
   0.58613E+00  0.14963E+00 -0.79628E+00  0.58613E+00  0.14963E+00 -0.79628E+00  0.14000E+02  0.10000E+01  0.19538E-01
          6      1000
       3000         1        40        10         1         0
   0.00000E+00  0.00000E+00  0.00000E+00 -0.64889E-01 -0.16265E+00  0.98455E+00  0.14000E+02  0.10000E+01  0.00000E+00
       5000         2         1         0        20         0         0
  -0.64889E-01 -0.16265E+00  0.98455E+00 -0.64889E-01 -0.16265E+00  0.98455E+00  0.14000E+02  0.10000E+01  0.19538E-01
       9000         2         1         1        20         0         0
  -0.64889E-01 -0.16265E+00  0.98455E+00 -0.64889E-01 -0.16265E+00  0.98455E+00  0.14000E+02  0.10000E+01  0.19538E-01
          7      1000
       4000         1        40        10         1         0
   0.00000E+00  0.00000E+00  0.00000E+00 -0.70684E-01  0.32631E-01 -0.99696E+00  0.14000E+02  0.10000E+01  0.00000E+00
       3000         8     92235        18        10         1         1
  -0.35055E-01  0.16183E-01 -0.49444E+00  0.60364E-01 -0.94495E+00  0.32161E+00  0.50311E+00  0.99979E+00  0.96897E-02
       5000         9         1        27        20         0         1
   0.29082E-01 -0.98784E+00 -0.15272E+00  0.60364E-01 -0.94495E+00  0.32161E+00  0.50311E+00  0.99979E+00  0.11804E+00
       2007         9         1         1        20         0         1
   0.29082E-01 -0.98784E+00 -0.15272E+00  0.60364E-01 -0.94495E+00  0.32161E+00  0.50311E+00  0.99979E+00  0.11804E+00
       4000         8     92235        19        10         1         1
  -0.35055E-01  0.16183E-01 -0.49444E+00 -0.46325E+00 -0.58463E+00  0.66604E+00  0.12293E+01  0.99979E+00  0.96897E-02
       3000         8     92235         2        10         1         2
  -0.22737E+00 -0.22651E+00 -0.21794E+00 -0.17672E+00  0.30480E+00  0.93588E+00  0.12243E+01  0.98531E+00  0.36786E-01
       5000         9         1        18        20         0         2
  -0.43651E+00  0.13420E+00  0.88964E+00 -0.17672E+00  0.30480E+00  0.93588E+00  0.12243E+01  0.98531E+00  0.11419E+00
       2007         9         1         2        20         0         2
  -0.43651E+00  0.13420E+00  0.88964E+00 -0.17672E+00  0.30480E+00  0.93588E+00  0.12243E+01  0.98531E+00  0.11419E+00
       3000         7     92235        19        10         1         1
  -0.35055E-01  0.16183E-01 -0.49444E+00 -0.20440E+00  0.86286E+00  0.46227E+00  0.13079E+01  0.99979E+00  0.96897E-02
       5000         8         1        26        20         0         1
  -0.25994E+00  0.96552E+00  0.14162E-01 -0.20440E+00  0.86286E+00  0.46227E+00  0.13079E+01  0.99979E+00  0.79317E-01
       2007         8         1         3        20         0         1
  -0.25994E+00  0.96552E+00  0.14162E-01 -0.20440E+00  0.86286E+00  0.46227E+00  0.13079E+01  0.99979E+00  0.79317E-01
       3000         6     92235        19        10         1         1
  -0.35055E-01  0.16183E-01 -0.49444E+00  0.13636E-01  0.58065E+00  0.81404E+00  0.24281E+01  0.99979E+00  0.96897E-02
       5000         7         1        17        20         0         1
  -0.16688E-01  0.79829E+00  0.60204E+00  0.13636E-01  0.58065E+00  0.81404E+00  0.24281E+01  0.99979E+00  0.72306E-01
       2007         7         1         4        20         0         1
  -0.16688E-01  0.79829E+00  0.60204E+00  0.13636E-01  0.58065E+00  0.81404E+00  0.24281E+01  0.99979E+00  0.72306E-01
       3000         5     92235        19        10         1         1
  -0.35055E-01  0.16183E-01 -0.49444E+00 -0.54695E-01 -0.95336E+00 -0.29683E+00  0.16990E+01  0.99979E+00  0.96897E-02
       5000         6         1        28        20         0         1
  -0.75817E-01 -0.69433E+00 -0.71566E+00 -0.54695E-01 -0.95336E+00 -0.29683E+00  0.16990E+01  0.99979E+00  0.51083E-01
       2007         6         1         5        20         0         1
  -0.75817E-01 -0.69433E+00 -0.71566E+00 -0.54695E-01 -0.95336E+00 -0.29683E+00  0.16990E+01  0.99979E+00  0.51083E-01
       3000         4     92235        19        10         1         1
  -0.35055E-01  0.16183E-01 -0.49444E+00  0.11216E+00 -0.15544E+00  0.98146E+00  0.10152E+01  0.99979E+00  0.96897E-02
       5000         5         1         3        20         0         1
   0.13202E+00 -0.21536E+00  0.96757E+00  0.11216E+00 -0.15544E+00  0.98146E+00  0.10152E+01  0.99979E+00  0.11666E+00
       2007         5         1         6        20         0         1
   0.13202E+00 -0.21536E+00  0.96757E+00  0.11216E+00 -0.15544E+00  0.98146E+00  0.10152E+01  0.99979E+00  0.11666E+00
       3000         3     92235        19        10         1         1
  -0.35055E-01  0.16183E-01 -0.49444E+00 -0.56229E+00  0.11467E+00  0.81895E+00  0.37067E+01  0.99979E+00  0.96897E-02
       5000         4         1        18        20         0         1
  -0.78434E+00  0.16900E+00  0.59687E+00 -0.56229E+00  0.11467E+00  0.81895E+00  0.37067E+01  0.99979E+00  0.59879E-01
       2007         4         1         7        20         0         1
  -0.78434E+00  0.16900E+00  0.59687E+00 -0.56229E+00  0.11467E+00  0.81895E+00  0.37067E+01  0.99979E+00  0.59879E-01
       4000         2     92235        19        10         1         1
  -0.35055E-01  0.16183E-01 -0.49444E+00  0.20989E+00  0.36759E+00  0.90599E+00  0.13715E+01  0.99979E+00  0.96897E-02
       3000         2     92235        91        10         1         2
  -0.68639E-04  0.77456E-01 -0.34342E+00  0.70862E+00  0.35827E+00  0.60787E+00  0.15156E+00  0.98642E+00  0.19992E-01
       5000         3         1        17        20         0         2
   0.80378E+00  0.48387E+00  0.34614E+00  0.70862E+00  0.35827E+00  0.60787E+00  0.15156E+00  0.98642E+00  0.23068E+00
       9000         3         1         8        20         0         2
   0.80378E+00  0.48387E+00  0.34614E+00  0.70862E+00  0.35827E+00  0.60787E+00  0.15156E+00  0.98642E+00  0.23068E+00
          8      1000
       3000         1        40        10         1         0
   0.00000E+00  0.00000E+00  0.00000E+00 -0.39151E+00  0.46639E+00 -0.79322E+00  0.14000E+02  0.10000E+01  0.00000E+00
       5000         2         1         0        20         0         0
  -0.39151E+00  0.46639E+00 -0.79322E+00 -0.39151E+00  0.46639E+00 -0.79322E+00  0.14000E+02  0.10000E+01  0.19538E-01
       9000         2         1         1        20         0         0
  -0.39151E+00  0.46639E+00 -0.79322E+00 -0.39151E+00  0.46639E+00 -0.79322E+00  0.14000E+02  0.10000E+01  0.19538E-01
          9      1000
       3000         1        40        10         1         0
   0.00000E+00  0.00000E+00  0.00000E+00 -0.23682E+00  0.92149E+00 -0.30786E+00  0.14000E+02  0.10000E+01  0.00000E+00
       5000         2         1         0        20         0         0
  -0.23682E+00  0.92149E+00 -0.30786E+00 -0.23682E+00  0.92149E+00 -0.30786E+00  0.14000E+02  0.10000E+01  0.19538E-01
       9000         2         1         1        20         0         0
  -0.23682E+00  0.92149E+00 -0.30786E+00 -0.23682E+00  0.92149E+00 -0.30786E+00  0.14000E+02  0.10000E+01  0.19538E-01
         10      1000
       3000         1        40        10         1         0
   0.00000E+00  0.00000E+00  0.00000E+00  0.19458E+00 -0.32035E+00  0.92710E+00  0.14000E+02  0.10000E+01  0.00000E+00
       5000         2         1         0        20         0         0
   0.19458E+00 -0.32035E+00  0.92710E+00  0.19458E+00 -0.32035E+00  0.92710E+00  0.14000E+02  0.10000E+01  0.19538E-01
       9000         2         1         1        20         0         0
   0.19458E+00 -0.32035E+00  0.92710E+00  0.19458E+00 -0.32035E+00  0.92710E+00  0.14000E+02  0.10000E+01  0.19538E-01
         11      1000
       4000         1        40        10         1         0
   0.00000E+00  0.00000E+00  0.00000E+00 -0.66983E+00 -0.71765E+00 -0.19053E+00  0.14000E+02  0.10000E+01  0.00000E+00
       4000         1     92235         2        10         1         1
  -0.35042E+00 -0.37544E+00 -0.99673E-01 -0.73741E+00 -0.67256E+00 -0.62360E-01  0.13999E+02  0.99979E+00  0.10221E-01
       3000         1     92235         2        10         1         2
  -0.39836E+00 -0.41916E+00 -0.10373E+00 -0.76986E+00 -0.59496E+00 -0.23093E+00  0.13996E+02  0.99958E+00  0.11491E-01
       5000         2         1         5        20         0         2
  -0.71832E+00 -0.66643E+00 -0.19970E+00 -0.76986E+00 -0.59496E+00 -0.23093E+00  0.13996E+02  0.99958E+00  0.19613E-01
       9000         2         1         1        20         0         2
  -0.71832E+00 -0.66643E+00 -0.19970E+00 -0.76986E+00 -0.59496E+00 -0.23093E+00  0.13996E+02  0.99958E+00  0.19613E-01
         12      1000
       4000         1        40        10         1         0
   0.00000E+00  0.00000E+00  0.00000E+00 -0.83985E+00 -0.41289E+00  0.35238E+00  0.14000E+02  0.10000E+01  0.00000E+00
       3000         2     92235        16        10         1         1
  -0.48592E+00 -0.23889E+00  0.20388E+00 -0.46357E+00 -0.21453E+00  0.85970E+00  0.17079E+01  0.99979E+00  0.11304E-01
       5000         3         1        21        20         0         1
  -0.70871E+00 -0.34199E+00  0.61706E+00 -0.46357E+00 -0.21453E+00  0.85970E+00  0.17079E+01  0.99979E+00  0.37929E-01
       2007         3         1         1        20         0         1
  -0.70871E+00 -0.34199E+00  0.61706E+00 -0.46357E+00 -0.21453E+00  0.85970E+00  0.17079E+01  0.99979E+00  0.37929E-01
       3000         2     92235        -2        10         1         1
  -0.48592E+00 -0.23889E+00  0.20388E+00 -0.85212E-01  0.68315E+00  0.72529E+00  0.11977E+01  0.99979E+00  0.11304E-01
       5000         3         1        35        20         0         1
  -0.55323E+00  0.30077E+00  0.77684E+00 -0.85212E-01  0.68315E+00  0.72529E+00  0.11977E+01  0.99979E+00  0.63542E-01
       9000         3         1         2        20         0         1
  -0.55323E+00  0.30077E+00  0.77684E+00 -0.85212E-01  0.68315E+00  0.72529E+00  0.11977E+01  0.99979E+00  0.63542E-01
         13      1000
       4000         1        40        10         1         0
   0.00000E+00  0.00000E+00  0.00000E+00 -0.17141E+00 -0.85717E+00  0.48567E+00  0.14000E+02  0.10000E+01  0.00000E+00
       3000         1     92235        80        10         1         1
  -0.80511E-01 -0.40260E+00  0.22811E+00  0.59784E+00 -0.76732E+00 -0.23195E+00  0.11638E+02  0.99979E+00  0.91767E-02
       5000         2         1        24        20         0         1
   0.33744E+00 -0.93904E+00  0.65954E-01  0.59784E+00 -0.76732E+00 -0.23195E+00  0.11638E+02  0.99979E+00  0.24130E-01
       9000         2         1         1        20         0         1
   0.33744E+00 -0.93904E+00  0.65954E-01  0.59784E+00 -0.76732E+00 -0.23195E+00  0.11638E+02  0.99979E+00  0.24130E-01
         14      1000
       3000         1        40        10         1         0
   0.00000E+00  0.00000E+00  0.00000E+00 -0.24885E+00 -0.51184E+00 -0.82225E+00  0.14000E+02  0.10000E+01  0.00000E+00
       5000         2         1         0        20         0         0
  -0.24885E+00 -0.51184E+00 -0.82225E+00 -0.24885E+00 -0.51184E+00 -0.82225E+00  0.14000E+02  0.10000E+01  0.19538E-01
       9000         2         1         1        20         0         0
  -0.24885E+00 -0.51184E+00 -0.82225E+00 -0.24885E+00 -0.51184E+00 -0.82225E+00  0.14000E+02  0.10000E+01  0.19538E-01
         15      1000
       3000         1        40        10         1         0
   0.00000E+00  0.00000E+00  0.00000E+00 -0.29592E+00  0.21187E+00  0.93142E+00  0.14000E+02  0.10000E+01  0.00000E+00
       5000         2         1         0        20         0         0
  -0.29592E+00  0.21187E+00  0.93142E+00 -0.29592E+00  0.21187E+00  0.93142E+00  0.14000E+02  0.10000E+01  0.19538E-01
       9000         2         1         1        20         0         0
  -0.29592E+00  0.21187E+00  0.93142E+00 -0.29592E+00  0.21187E+00  0.93142E+00  0.14000E+02  0.10000E+01  0.19538E-01
         16      1000
       4000         1        40        10         1         0
   0.00000E+00  0.00000E+00  0.00000E+00  0.13946E+00 -0.98290E+00  0.12021E+00  0.14000E+02  0.10000E+01  0.00000E+00
       4000         4     92235        18        10         1         1
   0.22136E-03 -0.15601E-02  0.19080E-03  0.39120E+00 -0.50968E+00  0.76628E+00  0.36759E+00  0.99979E+00  0.31012E-04
       3000         5     92235        18        10         1         2
   0.90476E-01 -0.11915E+00  0.17698E+00  0.24551E+00  0.37343E+00 -0.89458E+00  0.51199E+01  0.97727E+00  0.27551E-01
       5000         6         1         8        20         0         2
   0.37772E+00  0.31777E+00 -0.86968E+00  0.24551E+00  0.37343E+00 -0.89458E+00  0.51199E+01  0.97727E+00  0.65088E-01
       2007         6         1         1        20         0         2
   0.37772E+00  0.31777E+00 -0.86968E+00  0.24551E+00  0.37343E+00 -0.89458E+00  0.51199E+01  0.97727E+00  0.65088E-01
       4000         5     92235        19        10         1         2
   0.90476E-01 -0.11915E+00  0.17698E+00 -0.74463E+00  0.17678E-01  0.66724E+00  0.36425E+01  0.97727E+00  0.27551E-01
       3000         5     92235         2        10         1         3
  -0.37637E+00 -0.10807E+00  0.59531E+00 -0.58427E+00  0.16656E+00  0.79428E+00  0.36415E+01  0.97540E+00  0.51370E-01
       5000         6         1        13        20         0         3
  -0.55088E+00 -0.58321E-01  0.83255E+00 -0.58427E+00  0.16656E+00  0.79428E+00  0.36415E+01  0.97540E+00  0.62719E-01
       2007         6         1         2        20         0         3
  -0.55088E+00 -0.58321E-01  0.83255E+00 -0.58427E+00  0.16656E+00  0.79428E+00  0.36415E+01  0.97540E+00  0.62719E-01
       3000         4     92235        19        10         1         1
   0.22136E-03 -0.15601E-02  0.19080E-03 -0.78615E+00 -0.12049E+00  0.60618E+00  0.29684E+01  0.99979E+00  0.31012E-04
       5000         5         1         0        20         0         1
  -0.78583E+00 -0.12203E+00  0.60629E+00 -0.78615E+00 -0.12049E+00  0.60618E+00  0.29684E+01  0.99979E+00  0.42088E-01
       2007         5         1         3        20         0         1
  -0.78583E+00 -0.12203E+00  0.60629E+00 -0.78615E+00 -0.12049E+00  0.60618E+00  0.29684E+01  0.99979E+00  0.42088E-01
       3000         3     92235        19        10         1         1
   0.22136E-03 -0.15601E-02  0.19080E-03  0.46909E+00 -0.87563E+00  0.11503E+00  0.23106E+01  0.99979E+00  0.31012E-04
       5000         4         1         0        20         0         1
   0.46861E+00 -0.87588E+00  0.11505E+00  0.46909E+00 -0.87563E+00  0.11503E+00  0.23106E+01  0.99979E+00  0.47610E-01
       2007         4         1         4        20         0         1
   0.46861E+00 -0.87588E+00  0.11505E+00  0.46909E+00 -0.87563E+00  0.11503E+00  0.23106E+01  0.99979E+00  0.47610E-01
       4000         2     92235        19        10         1         1
   0.22136E-03 -0.15601E-02  0.19080E-03  0.40378E+00 -0.63207E+00  0.66140E+00  0.31108E+00  0.99979E+00  0.31012E-04
       3000         2     92235        54        10         1         2
   0.22671E+00 -0.35611E+00  0.37119E+00  0.66157E-01  0.45908E+00  0.88593E+00  0.25812E+00  0.97636E+00  0.72761E-01
       5000         3         1        32        20         0         2
   0.27078E+00 -0.50301E-01  0.96133E+00  0.66157E-01  0.45908E+00  0.88593E+00  0.25812E+00  0.97636E+00  0.16757E+00
       9000         3         1         5        20         0         2
   0.27078E+00 -0.50301E-01  0.96133E+00  0.66157E-01  0.45908E+00  0.88593E+00  0.25812E+00  0.97636E+00  0.16757E+00
         17      1000
       3000         1        40        10         1         0
   0.00000E+00  0.00000E+00  0.00000E+00  0.69092E+00 -0.71102E+00  0.13071E+00  0.14000E+02  0.10000E+01  0.00000E+00
       5000         2         1         0        20         0         0
   0.69092E+00 -0.71102E+00  0.13071E+00  0.69092E+00 -0.71102E+00  0.13071E+00  0.14000E+02  0.10000E+01  0.19538E-01
       9000         2         1         1        20         0         0
   0.69092E+00 -0.71102E+00  0.13071E+00  0.69092E+00 -0.71102E+00  0.13071E+00  0.14000E+02  0.10000E+01  0.19538E-01
         18      1000
       3000         1        40        10         1         0
   0.00000E+00  0.00000E+00  0.00000E+00 -0.65801E+00  0.53200E+00 -0.53292E+00  0.14000E+02  0.10000E+01  0.00000E+00
       5000         2         1         0        20         0         0
  -0.65801E+00  0.53200E+00 -0.53292E+00 -0.65801E+00  0.53200E+00 -0.53292E+00  0.14000E+02  0.10000E+01  0.19538E-01
       9000         2         1         1        20         0         0
  -0.65801E+00  0.53200E+00 -0.53292E+00 -0.65801E+00  0.53200E+00 -0.53292E+00  0.14000E+02  0.10000E+01  0.19538E-01
         19      1000
       3000         1        40        10         1         0
   0.00000E+00  0.00000E+00  0.00000E+00 -0.99034E+00 -0.13798E+00  0.13528E-01  0.14000E+02  0.10000E+01  0.00000E+00
       5000         2         1         0        20         0         0
  -0.99034E+00 -0.13798E+00  0.13528E-01 -0.99034E+00 -0.13798E+00  0.13528E-01  0.14000E+02  0.10000E+01  0.19538E-01
       9000         2         1         1        20         0         0
  -0.99034E+00 -0.13798E+00  0.13528E-01 -0.99034E+00 -0.13798E+00  0.13528E-01  0.14000E+02  0.10000E+01  0.19538E-01
         20      1000
       3000         1        40        10         1         0
   0.00000E+00  0.00000E+00  0.00000E+00  0.74621E+00  0.48590E+00 -0.45506E+00  0.14000E+02  0.10000E+01  0.00000E+00
       5000         2         1         0        20         0         0
   0.74621E+00  0.48590E+00 -0.45506E+00  0.74621E+00  0.48590E+00 -0.45506E+00  0.14000E+02  0.10000E+01  0.19538E-01
       9000         2         1         1        20         0         0
   0.74621E+00  0.48590E+00 -0.45506E+00  0.74621E+00  0.48590E+00 -0.45506E+00  0.14000E+02  0.10000E+01  0.19538E-01
         21      1000
       3000         1        40        10         1         0
   0.00000E+00  0.00000E+00  0.00000E+00 -0.19765E+00  0.97970E+00  0.33596E-01  0.14000E+02  0.10000E+01  0.00000E+00
       5000         2         1         0        20         0         0
  -0.19765E+00  0.97970E+00  0.33596E-01 -0.19765E+00  0.97970E+00  0.33596E-01  0.14000E+02  0.10000E+01  0.19538E-01
       9000         2         1         1        20         0         0
  -0.19765E+00  0.97970E+00  0.33596E-01 -0.19765E+00  0.97970E+00  0.33596E-01  0.14000E+02  0.10000E+01  0.19538E-01
         22      1000
       4000         1        40        10         1         0
   0.00000E+00  0.00000E+00  0.00000E+00 -0.91174E+00 -0.36466E+00 -0.18908E+00  0.14000E+02  0.10000E+01  0.00000E+00
       3000         1     92235         2        10         1         1
  -0.10459E+00 -0.41833E-01 -0.21691E-01 -0.88907E+00 -0.43918E+00 -0.12912E+00  0.13999E+02  0.99979E+00  0.22413E-02
       5000         2         1         0        20         0         1
  -0.89211E+00 -0.43084E+00 -0.13606E+00 -0.88907E+00 -0.43918E+00 -0.12912E+00  0.13999E+02  0.99979E+00  0.19548E-01
       9000         2         1         1        20         0         1
  -0.89211E+00 -0.43084E+00 -0.13606E+00 -0.88907E+00 -0.43918E+00 -0.12912E+00  0.13999E+02  0.99979E+00  0.19548E-01
         23      1000
       3000         1        40        10         1         0
   0.00000E+00  0.00000E+00  0.00000E+00 -0.42865E+00  0.83613E+00 -0.34226E+00  0.14000E+02  0.10000E+01  0.00000E+00
       5000         2         1         0        20         0         0
  -0.42865E+00  0.83613E+00 -0.34226E+00 -0.42865E+00  0.83613E+00 -0.34226E+00  0.14000E+02  0.10000E+01  0.19538E-01
       9000         2         1         1        20         0         0
  -0.42865E+00  0.83613E+00 -0.34226E+00 -0.42865E+00  0.83613E+00 -0.34226E+00  0.14000E+02  0.10000E+01  0.19538E-01
         24      1000
       3000         1        40        10         1         0
   0.00000E+00  0.00000E+00  0.00000E+00  0.10798E+00  0.34119E+00 -0.93377E+00  0.14000E+02  0.10000E+01  0.00000E+00
       5000         2         1         0        20         0         0
   0.10798E+00  0.34119E+00 -0.93377E+00  0.10798E+00  0.34119E+00 -0.93377E+00  0.14000E+02  0.10000E+01  0.19538E-01
       9000         2         1         1        20         0         0
   0.10798E+00  0.34119E+00 -0.93377E+00  0.10798E+00  0.34119E+00 -0.93377E+00  0.14000E+02  0.10000E+01  0.19538E-01
         25      1000
       3000         1        40        10         1         0
   0.00000E+00  0.00000E+00  0.00000E+00 -0.91105E+00 -0.90123E-02 -0.41219E+00  0.14000E+02  0.10000E+01  0.00000E+00
       5000         2         1         0        20         0         0
  -0.91105E+00 -0.90123E-02 -0.41219E+00 -0.91105E+00 -0.90123E-02 -0.41219E+00  0.14000E+02  0.10000E+01  0.19538E-01
       9000         2         1         1        20         0         0
  -0.91105E+00 -0.90123E-02 -0.41219E+00 -0.91105E+00 -0.90123E-02 -0.41219E+00  0.14000E+02  0.10000E+01  0.19538E-01
         26      1000
       4000         1        40        10         1         0
   0.00000E+00  0.00000E+00  0.00000E+00 -0.25683E+00 -0.63914E+00 -0.72494E+00  0.14000E+02  0.10000E+01  0.00000E+00
       3000         2     92235        16        10         1         1
  -0.10655E+00 -0.26515E+00 -0.30074E+00 -0.53244E+00 -0.82671E+00  0.18183E+00  0.20610E+01  0.99979E+00  0.81053E-02
       5000         3         1        20        20         0         1
  -0.48733E+00 -0.85637E+00 -0.17070E+00 -0.53244E+00 -0.82671E+00  0.18183E+00  0.20610E+01  0.99979E+00  0.44181E-01
       2007         3         1         1        20         0         1
  -0.48733E+00 -0.85637E+00 -0.17070E+00 -0.53244E+00 -0.82671E+00  0.18183E+00  0.20610E+01  0.99979E+00  0.44181E-01
       3000         2     92235        -2        10         1         1
  -0.10655E+00 -0.26515E+00 -0.30074E+00 -0.29763E+00 -0.94154E+00 -0.15789E+00  0.11925E+01  0.99979E+00  0.81053E-02
       5000         3         1        14        20         0         1
  -0.29663E+00 -0.86646E+00 -0.40158E+00 -0.29763E+00 -0.94154E+00 -0.15789E+00  0.11925E+01  0.99979E+00  0.50428E-01
       9000         3         1         2        20         0         1
  -0.29663E+00 -0.86646E+00 -0.40158E+00 -0.29763E+00 -0.94154E+00 -0.15789E+00  0.11925E+01  0.99979E+00  0.50428E-01
         27      1000
       3000         1        40        10         1         0
   0.00000E+00  0.00000E+00  0.00000E+00 -0.29119E+00  0.80857E+00  0.51130E+00  0.14000E+02  0.10000E+01  0.00000E+00
       5000         2         1         0        20         0         0
  -0.29119E+00  0.80857E+00  0.51130E+00 -0.29119E+00  0.80857E+00  0.51130E+00  0.14000E+02  0.10000E+01  0.19538E-01
       9000         2         1         1        20         0         0
  -0.29119E+00  0.80857E+00  0.51130E+00 -0.29119E+00  0.80857E+00  0.51130E+00  0.14000E+02  0.10000E+01  0.19538E-01
         28      1000
       4000         1        40        10         1         0
   0.00000E+00  0.00000E+00  0.00000E+00  0.14723E+00 -0.95140E+00  0.27047E+00  0.14000E+02  0.10000E+01  0.00000E+00
       4000         5     92235        18        10         1         1
   0.12936E+00 -0.83590E+00  0.23764E+00  0.58879E+00  0.53504E+00 -0.60586E+00  0.20686E+01  0.99979E+00  0.17166E-01
       4000         5     92235         2        10         1         2
   0.15847E+00 -0.80945E+00  0.20768E+00 -0.60630E+00  0.13426E+00 -0.78382E+00  0.20542E+01  0.99197E+00  0.19656E-01
       3000         5     92235        91        10         1         3
   0.82050E-01 -0.79252E+00  0.10889E+00 -0.80009E+00  0.35597E+00 -0.48284E+00  0.87964E+00  0.98411E+00  0.26024E-01
       5000         6         1        44        20         0         3
  -0.81164E+00 -0.39491E+00 -0.43045E+00 -0.80009E+00  0.35597E+00 -0.48284E+00  0.87964E+00  0.98411E+00  0.11219E+00
       2007         6         1         1        20         0         3
  -0.81164E+00 -0.39491E+00 -0.43045E+00 -0.80009E+00  0.35597E+00 -0.48284E+00  0.87964E+00  0.98411E+00  0.11219E+00
       3000         5     92235        19        10         1         1
   0.12936E+00 -0.83590E+00  0.23764E+00  0.25638E+00 -0.58010E+00 -0.77315E+00  0.11911E+01  0.99979E+00  0.17166E-01
       5000         6         1        54        20         0         1
   0.19310E+00 -0.98013E+00  0.45416E-01  0.25638E+00 -0.58010E+00 -0.77315E+00  0.11911E+01  0.99979E+00  0.33652E-01
       2007         6         1         2        20         0         1
   0.19310E+00 -0.98013E+00  0.45416E-01  0.25638E+00 -0.58010E+00 -0.77315E+00  0.11911E+01  0.99979E+00  0.33652E-01
       3000         4     92235        19        10         1         1
   0.12936E+00 -0.83590E+00  0.23764E+00  0.34816E+00 -0.26866E+00 -0.89811E+00  0.18802E+01  0.99979E+00  0.17166E-01
       5000         5         1        61        20         0         1
   0.27721E+00 -0.94999E+00 -0.14376E+00  0.34816E+00 -0.26866E+00 -0.89811E+00  0.18802E+01  0.99979E+00  0.39591E-01
       2007         5         1         3        20         0         1
   0.27721E+00 -0.94999E+00 -0.14376E+00  0.34816E+00 -0.26866E+00 -0.89811E+00  0.18802E+01  0.99979E+00  0.39591E-01
       4000         3     92235        19        10         1         1
   0.12936E+00 -0.83590E+00  0.23764E+00  0.54774E+00  0.82651E+00  0.12987E+00  0.27045E+01  0.99979E+00  0.17166E-01
       4000         3     92235         2        10         1         2
   0.31358E+00 -0.55791E+00  0.28132E+00  0.39393E+00  0.89404E+00  0.21332E+00  0.27041E+01  0.99527E+00  0.31985E-01
       3000         4     92235        18        10         1         3
   0.64321E+00  0.19018E+00  0.45981E+00 -0.70126E+00 -0.44646E+00  0.55580E+00  0.22364E+01  0.99077E+00  0.68853E-01
       5000         5         1        49        20         0         3
  -0.64439E-02 -0.22342E+00  0.97470E+00 -0.70126E+00 -0.44646E+00  0.55580E+00  0.22364E+01  0.99077E+00  0.11372E+00
       2007         5         1         4        20         0         3
  -0.64439E-02 -0.22342E+00  0.97470E+00 -0.70126E+00 -0.44646E+00  0.55580E+00  0.22364E+01  0.99077E+00  0.11372E+00
       3000         4     92235        19        10         1         3
   0.64321E+00  0.19018E+00  0.45981E+00 -0.48314E+00  0.26907E+00 -0.83317E+00  0.45598E+00  0.99077E+00  0.68853E-01
       5000         5         1        29        20         0         3
  -0.86192E-01  0.59640E+00 -0.79805E+00 -0.48314E+00  0.26907E+00 -0.83317E+00  0.45598E+00  0.99077E+00  0.23055E+00
       2007         5         1         5        20         0         3
  -0.86192E-01  0.59640E+00 -0.79805E+00 -0.48314E+00  0.26907E+00 -0.83317E+00  0.45598E+00  0.99077E+00  0.23055E+00
       3000         2     92235        19        10         1         1
   0.12936E+00 -0.83590E+00  0.23764E+00 -0.78291E+00 -0.20041E+00  0.58897E+00  0.16965E+01  0.99979E+00  0.17166E-01
       5000         3         1        58        20         0         1
  -0.11646E+00 -0.89882E+00  0.42256E+00 -0.78291E+00 -0.20041E+00  0.58897E+00  0.16965E+01  0.99979E+00  0.34617E-01
       9000         3         1         6        20         0         1
  -0.11646E+00 -0.89882E+00  0.42256E+00 -0.78291E+00 -0.20041E+00  0.58897E+00  0.16965E+01  0.99979E+00  0.34617E-01
         29      1000
       3000         1        40        10         1         0
   0.00000E+00  0.00000E+00  0.00000E+00 -0.61352E+00 -0.76449E+00 -0.19783E+00  0.14000E+02  0.10000E+01  0.00000E+00
       5000         2         1         0        20         0         0
  -0.61352E+00 -0.76449E+00 -0.19783E+00 -0.61352E+00 -0.76449E+00 -0.19783E+00  0.14000E+02  0.10000E+01  0.19538E-01
       9000         2         1         1        20         0         0
  -0.61352E+00 -0.76449E+00 -0.19783E+00 -0.61352E+00 -0.76449E+00 -0.19783E+00  0.14000E+02  0.10000E+01  0.19538E-01
         30      1000
       3000         1        40        10         1         0
   0.00000E+00  0.00000E+00  0.00000E+00 -0.57019E+00  0.56512E+00 -0.59626E+00  0.14000E+02  0.10000E+01  0.00000E+00
       5000         2         1         0        20         0         0
  -0.57019E+00  0.56512E+00 -0.59626E+00 -0.57019E+00  0.56512E+00 -0.59626E+00  0.14000E+02  0.10000E+01  0.19538E-01
       9000         2         1         1        20         0         0
  -0.57019E+00  0.56512E+00 -0.59626E+00 -0.57019E+00  0.56512E+00 -0.59626E+00  0.14000E+02  0.10000E+01  0.19538E-01
         31      1000
       3000         1        40        10         1         0
   0.00000E+00  0.00000E+00  0.00000E+00 -0.66075E+00  0.53725E+00 -0.52419E+00  0.14000E+02  0.10000E+01  0.00000E+00
       5000         2         1         0        20         0         0
  -0.66075E+00  0.53725E+00 -0.52419E+00 -0.66075E+00  0.53725E+00 -0.52419E+00  0.14000E+02  0.10000E+01  0.19538E-01
       9000         2         1         1        20         0         0
  -0.66075E+00  0.53725E+00 -0.52419E+00 -0.66075E+00  0.53725E+00 -0.52419E+00  0.14000E+02  0.10000E+01  0.19538E-01
         32      1000
       3000         1        40        10         1         0
   0.00000E+00  0.00000E+00  0.00000E+00 -0.97423E-01 -0.36392E+00 -0.92632E+00  0.14000E+02  0.10000E+01  0.00000E+00
       5000         2         1         0        20         0         0
  -0.97423E-01 -0.36392E+00 -0.92632E+00 -0.97423E-01 -0.36392E+00 -0.92632E+00  0.14000E+02  0.10000E+01  0.19538E-01
       9000         2         1         1        20         0         0
  -0.97423E-01 -0.36392E+00 -0.92632E+00 -0.97423E-01 -0.36392E+00 -0.92632E+00  0.14000E+02  0.10000E+01  0.19538E-01
         33      1000
       3000         1        40        10         1         0
   0.00000E+00  0.00000E+00  0.00000E+00 -0.19653E+00 -0.31451E+00 -0.92869E+00  0.14000E+02  0.10000E+01  0.00000E+00
       5000         2         1         0        20         0         0
  -0.19653E+00 -0.31451E+00 -0.92869E+00 -0.19653E+00 -0.31451E+00 -0.92869E+00  0.14000E+02  0.10000E+01  0.19538E-01
       9000         2         1         1        20         0         0
  -0.19653E+00 -0.31451E+00 -0.92869E+00 -0.19653E+00 -0.31451E+00 -0.92869E+00  0.14000E+02  0.10000E+01  0.19538E-01
         34      1000
       3000         1        40        10         1         0
   0.00000E+00  0.00000E+00  0.00000E+00  0.40972E+00  0.84654E+00 -0.33985E+00  0.14000E+02  0.10000E+01  0.00000E+00
       5000         2         1         0        20         0         0
   0.40972E+00  0.84654E+00 -0.33985E+00  0.40972E+00  0.84654E+00 -0.33985E+00  0.14000E+02  0.10000E+01  0.19538E-01
       9000         2         1         1        20         0         0
   0.40972E+00  0.84654E+00 -0.33985E+00  0.40972E+00  0.84654E+00 -0.33985E+00  0.14000E+02  0.10000E+01  0.19538E-01
         35      1000
       4000         1        40        10         1         0
   0.00000E+00  0.00000E+00  0.00000E+00 -0.40482E-01  0.88308E+00  0.46747E+00  0.14000E+02  0.10000E+01  0.00000E+00
       4000         1     92235         2        10         1         1
  -0.21516E-02  0.46935E-01  0.24846E-01 -0.61127E-02  0.87006E+00  0.49290E+00  0.14000E+02  0.99979E+00  0.10384E-02
       4000         1     92235         2        10         1         2
  -0.50819E-02  0.46402E+00  0.26113E+00 -0.10059E+00  0.93118E+00  0.35041E+00  0.13998E+02  0.99958E+00  0.10405E-01
       3000         1     92235         2        10         1         3
  -0.36555E-01  0.75536E+00  0.37077E+00 -0.14505E+00  0.94572E+00  0.29080E+00  0.13998E+02  0.99938E+00  0.16518E-01
       5000         2         1         9        20         0         3
  -0.59780E-01  0.90679E+00  0.41733E+00 -0.14505E+00  0.94572E+00  0.29080E+00  0.13998E+02  0.99938E+00  0.19646E-01
       9000         2         1         1        20         0         3
  -0.59780E-01  0.90679E+00  0.41733E+00 -0.14505E+00  0.94572E+00  0.29080E+00  0.13998E+02  0.99938E+00  0.19646E-01
         36      1000
       3000         1        40        10         1         0
   0.00000E+00  0.00000E+00  0.00000E+00  0.33709E+00 -0.92687E+00 -0.16518E+00  0.14000E+02  0.10000E+01  0.00000E+00
       5000         2         1         0        20         0         0
   0.33709E+00 -0.92687E+00 -0.16518E+00  0.33709E+00 -0.92687E+00 -0.16518E+00  0.14000E+02  0.10000E+01  0.19538E-01
       9000         2         1         1        20         0         0
   0.33709E+00 -0.92687E+00 -0.16518E+00  0.33709E+00 -0.92687E+00 -0.16518E+00  0.14000E+02  0.10000E+01  0.19538E-01
         37      1000
       3000         1        40        10         1         0
   0.00000E+00  0.00000E+00  0.00000E+00 -0.18673E+00  0.97560E+00 -0.11550E+00  0.14000E+02  0.10000E+01  0.00000E+00
       5000         2         1         0        20         0         0
  -0.18673E+00  0.97560E+00 -0.11550E+00 -0.18673E+00  0.97560E+00 -0.11550E+00  0.14000E+02  0.10000E+01  0.19538E-01
       9000         2         1         1        20         0         0
  -0.18673E+00  0.97560E+00 -0.11550E+00 -0.18673E+00  0.97560E+00 -0.11550E+00  0.14000E+02  0.10000E+01  0.19538E-01
         38      1000
       3000         1        40        10         1         0
   0.00000E+00  0.00000E+00  0.00000E+00 -0.26161E+00  0.23356E+00 -0.93649E+00  0.14000E+02  0.10000E+01  0.00000E+00
       5000         2         1         0        20         0         0
  -0.26161E+00  0.23356E+00 -0.93649E+00 -0.26161E+00  0.23356E+00 -0.93649E+00  0.14000E+02  0.10000E+01  0.19538E-01
       9000         2         1         1        20         0         0
  -0.26161E+00  0.23356E+00 -0.93649E+00 -0.26161E+00  0.23356E+00 -0.93649E+00  0.14000E+02  0.10000E+01  0.19538E-01
         39      1000
       4000         1        40        10         1         0
   0.00000E+00  0.00000E+00  0.00000E+00  0.97805E+00 -0.76407E-01 -0.19387E+00  0.14000E+02  0.10000E+01  0.00000E+00
       4000         2     92235        18        10         1         1
   0.22383E+00 -0.17486E-01 -0.44369E-01 -0.65353E-01 -0.62179E+00  0.78045E+00  0.32761E+01  0.99979E+00  0.44714E-02
       4000         2     92235        91        10         1         2
   0.22325E+00 -0.23019E-01 -0.37425E-01 -0.23584E+00  0.76575E+00  0.59834E+00  0.18390E+01  0.99707E+00  0.48277E-02
       3000         2     92235         2        10         1         3
   0.10061E-01  0.66918E+00  0.50344E+00 -0.55162E+00  0.62965E+00  0.54704E+00  0.18381E+01  0.98753E+00  0.53091E-01
       5000         3         1        28        20         0         3
  -0.94712E-01  0.78877E+00  0.60735E+00 -0.55162E+00  0.62965E+00  0.54704E+00  0.18381E+01  0.98753E+00  0.63234E-01
       2007         3         1         1        20         0         3
  -0.94712E-01  0.78877E+00  0.60735E+00 -0.55162E+00  0.62965E+00  0.54704E+00  0.18381E+01  0.98753E+00  0.63234E-01
       3000         2     92235        19        10         1         1
   0.22383E+00 -0.17486E-01 -0.44369E-01 -0.82917E+00 -0.40669E+00  0.38352E+00  0.89907E+00  0.99979E+00  0.44714E-02
       5000         3         1         6        20         0         1
  -0.76154E+00 -0.50079E+00  0.41141E+00 -0.82917E+00 -0.40669E+00  0.38352E+00  0.89907E+00  0.99979E+00  0.95151E-01
       9000         3         1         2        20         0         1
  -0.76154E+00 -0.50079E+00  0.41141E+00 -0.82917E+00 -0.40669E+00  0.38352E+00  0.89907E+00  0.99979E+00  0.95151E-01
         40      1000
       3000         1        40        10         1         0
   0.00000E+00  0.00000E+00  0.00000E+00  0.25797E+00 -0.70763E+00  0.65781E+00  0.14000E+02  0.10000E+01  0.00000E+00
       5000         2         1         0        20         0         0
   0.25797E+00 -0.70763E+00  0.65781E+00  0.25797E+00 -0.70763E+00  0.65781E+00  0.14000E+02  0.10000E+01  0.19538E-01
       9000         2         1         1        20         0         0
   0.25797E+00 -0.70763E+00  0.65781E+00  0.25797E+00 -0.70763E+00  0.65781E+00  0.14000E+02  0.10000E+01  0.19538E-01
         41      1000
       3000         1        40        10         1         0
   0.00000E+00  0.00000E+00  0.00000E+00 -0.32124E+00 -0.76781E+00 -0.55432E+00  0.14000E+02  0.10000E+01  0.00000E+00
       5000         2         1         0        20         0         0
  -0.32124E+00 -0.76781E+00 -0.55432E+00 -0.32124E+00 -0.76781E+00 -0.55432E+00  0.14000E+02  0.10000E+01  0.19538E-01
       9000         2         1         1        20         0         0
  -0.32124E+00 -0.76781E+00 -0.55432E+00 -0.32124E+00 -0.76781E+00 -0.55432E+00  0.14000E+02  0.10000E+01  0.19538E-01
         42      1000
       3000         1        40        10         1         0
   0.00000E+00  0.00000E+00  0.00000E+00  0.50394E+00 -0.14600E+00  0.85131E+00  0.14000E+02  0.10000E+01  0.00000E+00
       5000         2         1         0        20         0         0
   0.50394E+00 -0.14600E+00  0.85131E+00  0.50394E+00 -0.14600E+00  0.85131E+00  0.14000E+02  0.10000E+01  0.19538E-01
       9000         2         1         1        20         0         0
   0.50394E+00 -0.14600E+00  0.85131E+00  0.50394E+00 -0.14600E+00  0.85131E+00  0.14000E+02  0.10000E+01  0.19538E-01
         43      1000
       3000         1        40        10         1         0
   0.00000E+00  0.00000E+00  0.00000E+00  0.60802E+00  0.54870E+00  0.57379E+00  0.14000E+02  0.10000E+01  0.00000E+00
       5000         2         1         0        20         0         0
   0.60802E+00  0.54870E+00  0.57379E+00  0.60802E+00  0.54870E+00  0.57379E+00  0.14000E+02  0.10000E+01  0.19538E-01
       9000         2         1         1        20         0         0
   0.60802E+00  0.54870E+00  0.57379E+00  0.60802E+00  0.54870E+00  0.57379E+00  0.14000E+02  0.10000E+01  0.19538E-01
         44      1000
       4000         1        40        10         1         0
   0.00000E+00  0.00000E+00  0.00000E+00 -0.29325E+00  0.93040E+00 -0.21992E+00  0.14000E+02  0.10000E+01  0.00000E+00
       3000         1     92235        53        10         1         1
  -0.16139E+00  0.51204E+00 -0.12103E+00 -0.42136E-01  0.77918E+00 -0.62539E+00  0.13939E+02  0.99979E+00  0.10753E-01
       5000         2         1        15        20         0         1
  -0.18171E+00  0.88787E+00 -0.42269E+00 -0.42136E-01  0.77918E+00 -0.62539E+00  0.13939E+02  0.99979E+00  0.20197E-01
       9000         2         1         1        20         0         1
  -0.18171E+00  0.88787E+00 -0.42269E+00 -0.42136E-01  0.77918E+00 -0.62539E+00  0.13939E+02  0.99979E+00  0.20197E-01
         45      1000
       3000         1        40        10         1         0
   0.00000E+00  0.00000E+00  0.00000E+00 -0.84749E+00 -0.39933E+00 -0.34971E+00  0.14000E+02  0.10000E+01  0.00000E+00
       5000         2         1         0        20         0         0
  -0.84749E+00 -0.39933E+00 -0.34971E+00 -0.84749E+00 -0.39933E+00 -0.34971E+00  0.14000E+02  0.10000E+01  0.19538E-01
       9000         2         1         1        20         0         0
  -0.84749E+00 -0.39933E+00 -0.34971E+00 -0.84749E+00 -0.39933E+00 -0.34971E+00  0.14000E+02  0.10000E+01  0.19538E-01
         46      1000
       3000         1        40        10         1         0
   0.00000E+00  0.00000E+00  0.00000E+00  0.11998E+00 -0.91952E+00 -0.37428E+00  0.14000E+02  0.10000E+01  0.00000E+00
       5000         2         1         0        20         0         0
   0.11998E+00 -0.91952E+00 -0.37428E+00  0.11998E+00 -0.91952E+00 -0.37428E+00  0.14000E+02  0.10000E+01  0.19538E-01
       9000         2         1         1        20         0         0
   0.11998E+00 -0.91952E+00 -0.37428E+00  0.11998E+00 -0.91952E+00 -0.37428E+00  0.14000E+02  0.10000E+01  0.19538E-01
         47      1000
       3000         1        40        10         1         0
   0.00000E+00  0.00000E+00  0.00000E+00  0.70849E+00  0.58791E+00  0.39040E+00  0.14000E+02  0.10000E+01  0.00000E+00
       5000         2         1         0        20         0         0
   0.70849E+00  0.58791E+00  0.39040E+00  0.70849E+00  0.58791E+00  0.39040E+00  0.14000E+02  0.10000E+01  0.19538E-01
       9000         2         1         1        20         0         0
   0.70849E+00  0.58791E+00  0.39040E+00  0.70849E+00  0.58791E+00  0.39040E+00  0.14000E+02  0.10000E+01  0.19538E-01
         48      1000
       3000         1        40        10         1         0
   0.00000E+00  0.00000E+00  0.00000E+00  0.42614E+00  0.90461E+00  0.92540E-02  0.14000E+02  0.10000E+01  0.00000E+00
       5000         2         1         0        20         0         0
   0.42614E+00  0.90461E+00  0.92540E-02  0.42614E+00  0.90461E+00  0.92540E-02  0.14000E+02  0.10000E+01  0.19538E-01
       9000         2         1         1        20         0         0
   0.42614E+00  0.90461E+00  0.92540E-02  0.42614E+00  0.90461E+00  0.92540E-02  0.14000E+02  0.10000E+01  0.19538E-01
         49      1000
       3000         1        40        10         1         0
   0.00000E+00  0.00000E+00  0.00000E+00  0.54305E+00  0.42701E+00 -0.72302E+00  0.14000E+02  0.10000E+01  0.00000E+00
       5000         2         1         0        20         0         0
   0.54305E+00  0.42701E+00 -0.72302E+00  0.54305E+00  0.42701E+00 -0.72302E+00  0.14000E+02  0.10000E+01  0.19538E-01
       9000         2         1         1        20         0         0
   0.54305E+00  0.42701E+00 -0.72302E+00  0.54305E+00  0.42701E+00 -0.72302E+00  0.14000E+02  0.10000E+01  0.19538E-01
         50      1000
       4000         1        40        10         1         0
   0.00000E+00  0.00000E+00  0.00000E+00 -0.10529E+00 -0.98053E+00  0.16577E+00  0.14000E+02  0.10000E+01  0.00000E+00
       3000         1     92235         2        10         1         1
  -0.81903E-01 -0.76274E+00  0.12895E+00 -0.66735E+00 -0.70315E+00  0.24540E+00  0.13976E+02  0.99979E+00  0.15198E-01
       5000         2         1        27        20         0         1
  -0.25675E+00 -0.94696E+00  0.19325E+00 -0.66735E+00 -0.70315E+00  0.24540E+00  0.13976E+02  0.99979E+00  0.20321E-01
       9000         2         1         1        20         0         1
  -0.25675E+00 -0.94696E+00  0.19325E+00 -0.66735E+00 -0.70315E+00  0.24540E+00  0.13976E+02  0.99979E+00  0.20321E-01
         51      1000
       3000         1        40        10         1         0
   0.00000E+00  0.00000E+00  0.00000E+00  0.92483E+00  0.36020E+00 -0.12222E+00  0.14000E+02  0.10000E+01  0.00000E+00
       5000         2         1         0        20         0         0
   0.92483E+00  0.36020E+00 -0.12222E+00  0.92483E+00  0.36020E+00 -0.12222E+00  0.14000E+02  0.10000E+01  0.19538E-01
       9000         2         1         1        20         0         0
   0.92483E+00  0.36020E+00 -0.12222E+00  0.92483E+00  0.36020E+00 -0.12222E+00  0.14000E+02  0.10000E+01  0.19538E-01
         52      1000
       4000         1        40        10         1         0
   0.00000E+00  0.00000E+00  0.00000E+00 -0.91891E+00  0.28311E+00 -0.27468E+00  0.14000E+02  0.10000E+01  0.00000E+00
       3000         1     92235         2        10         1         1
  -0.70271E+00  0.21650E+00 -0.21005E+00 -0.89777E+00  0.41636E+00 -0.14370E+00  0.13998E+02  0.99979E+00  0.14941E-01
       5000         2         1         8        20         0         1
  -0.91683E+00  0.31580E+00 -0.24432E+00 -0.89777E+00  0.41636E+00 -0.14370E+00  0.13998E+02  0.99979E+00  0.19601E-01
       9000         2         1         1        20         0         1
  -0.91683E+00  0.31580E+00 -0.24432E+00 -0.89777E+00  0.41636E+00 -0.14370E+00  0.13998E+02  0.99979E+00  0.19601E-01
         53      1000
       4000         1        40        10         1         0
   0.00000E+00  0.00000E+00  0.00000E+00  0.78726E+00  0.96399E-01  0.60904E+00  0.14000E+02  0.10000E+01  0.00000E+00
       3000         1     92235        56        10         1         1
   0.52634E+00  0.64450E-01  0.40719E+00  0.37500E+00  0.20813E+00  0.90336E+00  0.13881E+02  0.99979E+00  0.13063E-01
       5000         2         1        19        20         0         1
   0.66269E+00  0.14013E+00  0.73566E+00  0.37500E+00  0.20813E+00  0.90336E+00  0.13881E+02  0.99979E+00  0.20197E-01
       9000         2         1         1        20         0         1
   0.66269E+00  0.14013E+00  0.73566E+00  0.37500E+00  0.20813E+00  0.90336E+00  0.13881E+02  0.99979E+00  0.20197E-01
         54      1000
       3000         1        40        10         1         0
   0.00000E+00  0.00000E+00  0.00000E+00  0.66315E+00  0.73523E+00 -0.14027E+00  0.14000E+02  0.10000E+01  0.00000E+00
       5000         2         1         0        20         0         0
   0.66315E+00  0.73523E+00 -0.14027E+00  0.66315E+00  0.73523E+00 -0.14027E+00  0.14000E+02  0.10000E+01  0.19538E-01
       9000         2         1         1        20         0         0
   0.66315E+00  0.73523E+00 -0.14027E+00  0.66315E+00  0.73523E+00 -0.14027E+00  0.14000E+02  0.10000E+01  0.19538E-01
         55      1000
       3000         1        40        10         1         0
   0.00000E+00  0.00000E+00  0.00000E+00  0.64734E+00 -0.28161E+00 -0.70828E+00  0.14000E+02  0.10000E+01  0.00000E+00
       5000         2         1         0        20         0         0
   0.64734E+00 -0.28161E+00 -0.70828E+00  0.64734E+00 -0.28161E+00 -0.70828E+00  0.14000E+02  0.10000E+01  0.19538E-01
       9000         2         1         1        20         0         0
   0.64734E+00 -0.28161E+00 -0.70828E+00  0.64734E+00 -0.28161E+00 -0.70828E+00  0.14000E+02  0.10000E+01  0.19538E-01
         56      1000
       4000         1        40        10         1         0
   0.00000E+00  0.00000E+00  0.00000E+00 -0.43691E+00  0.67045E+00  0.59968E+00  0.14000E+02  0.10000E+01  0.00000E+00
       3000         6     92235        18        10         1         1
  -0.35433E+00  0.54373E+00  0.48634E+00  0.37582E+00  0.42477E-01  0.92572E+00  0.20541E+01  0.99979E+00  0.15845E-01
       5000         7         1        47        20         0         1
  -0.22784E+00  0.55803E+00  0.79793E+00  0.37582E+00  0.42477E-01  0.92572E+00  0.20541E+01  0.99979E+00  0.32852E-01
       2007         7         1         1        20         0         1
  -0.22784E+00  0.55803E+00  0.79793E+00  0.37582E+00  0.42477E-01  0.92572E+00  0.20541E+01  0.99979E+00  0.32852E-01
       3000         6     92235        19        10         1         1
  -0.35433E+00  0.54373E+00  0.48634E+00  0.78406E+00  0.43425E+00  0.44348E+00  0.23025E+01  0.99979E+00  0.15845E-01
       5000         7         1        52        20         0         1
  -0.12181E-01  0.73324E+00  0.67987E+00  0.78406E+00  0.43425E+00  0.44348E+00  0.23025E+01  0.99979E+00  0.36676E-01
       2007         7         1         2        20         0         1
  -0.12181E-01  0.73324E+00  0.67987E+00  0.78406E+00  0.43425E+00  0.44348E+00  0.23025E+01  0.99979E+00  0.36676E-01
       4000         5     92235        19        10         1         1
  -0.35433E+00  0.54373E+00  0.48634E+00  0.68780E+00 -0.49729E+00 -0.52880E+00  0.65162E+01  0.99979E+00  0.15845E-01
       3000         5     92235         2        10         1         2
   0.57127E+00 -0.12549E+00 -0.22530E+00  0.67074E+00 -0.62700E+00 -0.39621E+00  0.65152E+01  0.99937E+00  0.54158E-01
       5000         6         1        17        20         0         2
   0.84176E+00 -0.37834E+00 -0.38508E+00  0.67074E+00 -0.62700E+00 -0.39621E+00  0.65152E+01  0.99937E+00  0.65640E-01
       2007         6         1         3        20         0         2
   0.84176E+00 -0.37834E+00 -0.38508E+00  0.67074E+00 -0.62700E+00 -0.39621E+00  0.65152E+01  0.99937E+00  0.65640E-01
       4000         4     92235        19        10         1         1
  -0.35433E+00  0.54373E+00  0.48634E+00 -0.67262E+00 -0.65910E+00  0.33642E+00  0.35098E+00  0.99979E+00  0.15845E-01
       4000         4     92235        55        10         1         2
  -0.62606E+00  0.27747E+00  0.62225E+00  0.26175E+00 -0.81220E+00  0.52137E+00  0.26804E+00  0.97698E+00  0.65160E-01
       3000         4     92235         2        10         1         3
  -0.59955E+00  0.19520E+00  0.67506E+00 -0.10010E+00 -0.86037E+00  0.49974E+00  0.26788E+00  0.95314E+00  0.79308E-01
       5000         5         1        63        20         0         3
  -0.62128E+00  0.84302E-02  0.78354E+00 -0.10010E+00 -0.86037E+00  0.49974E+00  0.26788E+00  0.95314E+00  0.10964E+00
       2007         5         1         4        20         0         3
  -0.62128E+00  0.84302E-02  0.78354E+00 -0.10010E+00 -0.86037E+00  0.49974E+00  0.26788E+00  0.95314E+00  0.10964E+00
       3000         3     92235        19        10         1         1
  -0.35433E+00  0.54373E+00  0.48634E+00 -0.86574E+00 -0.63103E-01 -0.49650E+00  0.32729E+01  0.99979E+00  0.15845E-01
       5000         4         1        54        20         0         1
  -0.83472E+00  0.50872E+00  0.21084E+00 -0.86574E+00 -0.63103E-01 -0.49650E+00  0.32729E+01  0.99979E+00  0.38078E-01
       2007         4         1         5        20         0         1
  -0.83472E+00  0.50872E+00  0.21084E+00 -0.86574E+00 -0.63103E-01 -0.49650E+00  0.32729E+01  0.99979E+00  0.38078E-01
       4000         2     92235        19        10         1         1
  -0.35433E+00  0.54373E+00  0.48634E+00 -0.82361E+00 -0.56715E+00  0.36388E-02  0.75184E+00  0.99979E+00  0.15845E-01
       3000         2     92235        64        10         1         2
  -0.74921E+00  0.27182E+00  0.48808E+00 -0.77988E+00  0.62526E+00  0.28898E-01  0.35038E+00  0.98266E+00  0.55846E-01
       5000         3         1        32        20         0         2
  -0.81033E+00  0.32082E+00  0.49035E+00 -0.77988E+00  0.62526E+00  0.28898E-01  0.35038E+00  0.98266E+00  0.65421E-01
       9000         3         1         6        20         0         2
  -0.81033E+00  0.32082E+00  0.49035E+00 -0.77988E+00  0.62526E+00  0.28898E-01  0.35038E+00  0.98266E+00  0.65421E-01
         57      1000
       3000         1        40        10         1         0
   0.00000E+00  0.00000E+00  0.00000E+00  0.35631E+00 -0.92784E+00 -0.11028E+00  0.14000E+02  0.10000E+01  0.00000E+00
       5000         2         1         0        20         0         0
   0.35631E+00 -0.92784E+00 -0.11028E+00  0.35631E+00 -0.92784E+00 -0.11028E+00  0.14000E+02  0.10000E+01  0.19538E-01
       9000         2         1         1        20         0         0
   0.35631E+00 -0.92784E+00 -0.11028E+00  0.35631E+00 -0.92784E+00 -0.11028E+00  0.14000E+02  0.10000E+01  0.19538E-01
         58      1000
       3000         1        40        10         1         0
   0.00000E+00  0.00000E+00  0.00000E+00 -0.39251E+00  0.82585E+00 -0.40485E+00  0.14000E+02  0.10000E+01  0.00000E+00
       5000         2         1         0        20         0         0
  -0.39251E+00  0.82585E+00 -0.40485E+00 -0.39251E+00  0.82585E+00 -0.40485E+00  0.14000E+02  0.10000E+01  0.19538E-01
       9000         2         1         1        20         0         0
  -0.39251E+00  0.82585E+00 -0.40485E+00 -0.39251E+00  0.82585E+00 -0.40485E+00  0.14000E+02  0.10000E+01  0.19538E-01
         59      1000
       3000         1        40        10         1         0
   0.00000E+00  0.00000E+00  0.00000E+00 -0.84924E+00  0.48094E+00 -0.21792E+00  0.14000E+02  0.10000E+01  0.00000E+00
       5000         2         1         0        20         0         0
  -0.84924E+00  0.48094E+00 -0.21792E+00 -0.84924E+00  0.48094E+00 -0.21792E+00  0.14000E+02  0.10000E+01  0.19538E-01
       9000         2         1         1        20         0         0
  -0.84924E+00  0.48094E+00 -0.21792E+00 -0.84924E+00  0.48094E+00 -0.21792E+00  0.14000E+02  0.10000E+01  0.19538E-01
         60      1000
       4000         1        40        10         1         0
   0.00000E+00  0.00000E+00  0.00000E+00 -0.92196E+00 -0.30826E+00 -0.23447E+00  0.14000E+02  0.10000E+01  0.00000E+00
       4000         1     92235        76        10         1         1
  -0.46892E+00 -0.15678E+00 -0.11925E+00 -0.39765E+00  0.91606E+00 -0.52009E-01  0.12149E+02  0.99979E+00  0.99373E-02
       3000         1     92235         2        10         1         2
  -0.56110E+00  0.55586E-01 -0.13131E+00 -0.44789E+00  0.89247E+00 -0.53814E-01  0.12148E+02  0.99949E+00  0.14793E-01
       5000         2         1        29        20         0         2
  -0.81354E+00  0.55859E+00 -0.16164E+00 -0.44789E+00  0.89247E+00 -0.53814E-01  0.12148E+02  0.99949E+00  0.26597E-01
       9000         2         1         1        20         0         2
  -0.81354E+00  0.55859E+00 -0.16164E+00 -0.44789E+00  0.89247E+00 -0.53814E-01  0.12148E+02  0.99949E+00  0.26597E-01
         61      1000
       3000         1        40        10         1         0
   0.00000E+00  0.00000E+00  0.00000E+00 -0.42000E+00 -0.53125E+00  0.73578E+00  0.14000E+02  0.10000E+01  0.00000E+00
       5000         2         1         0        20         0         0
  -0.42000E+00 -0.53125E+00  0.73578E+00 -0.42000E+00 -0.53125E+00  0.73578E+00  0.14000E+02  0.10000E+01  0.19538E-01
       9000         2         1         1        20         0         0
  -0.42000E+00 -0.53125E+00  0.73578E+00 -0.42000E+00 -0.53125E+00  0.73578E+00  0.14000E+02  0.10000E+01  0.19538E-01
         62      1000
       3000         1        40        10         1         0
   0.00000E+00  0.00000E+00  0.00000E+00  0.16703E+00 -0.66978E+00 -0.72353E+00  0.14000E+02  0.10000E+01  0.00000E+00
       5000         2         1         0        20         0         0
   0.16703E+00 -0.66978E+00 -0.72353E+00  0.16703E+00 -0.66978E+00 -0.72353E+00  0.14000E+02  0.10000E+01  0.19538E-01
       9000         2         1         1        20         0         0
   0.16703E+00 -0.66978E+00 -0.72353E+00  0.16703E+00 -0.66978E+00 -0.72353E+00  0.14000E+02  0.10000E+01  0.19538E-01
         63      1000
       4000         1        40        10         1         0
   0.00000E+00  0.00000E+00  0.00000E+00  0.37004E+00 -0.74998E+00 -0.54827E+00  0.14000E+02  0.10000E+01  0.00000E+00
       3000         1     92235         2        10         1         1
   0.25635E+00 -0.51956E+00 -0.37983E+00  0.31701E+00 -0.75838E+00 -0.56952E+00  0.14000E+02  0.99979E+00  0.13535E-01
       5000         2         1         2        20         0         1
   0.35386E+00 -0.75283E+00 -0.55500E+00  0.31701E+00 -0.75838E+00 -0.56952E+00  0.14000E+02  0.99979E+00  0.19545E-01
       9000         2         1         1        20         0         1
   0.35386E+00 -0.75283E+00 -0.55500E+00  0.31701E+00 -0.75838E+00 -0.56952E+00  0.14000E+02  0.99979E+00  0.19545E-01
         64      1000
       3000         1        40        10         1         0
   0.00000E+00  0.00000E+00  0.00000E+00 -0.25189E+00  0.96775E+00 -0.17367E-02  0.14000E+02  0.10000E+01  0.00000E+00
       5000         2         1         0        20         0         0
  -0.25189E+00  0.96775E+00 -0.17367E-02 -0.25189E+00  0.96775E+00 -0.17367E-02  0.14000E+02  0.10000E+01  0.19538E-01
       9000         2         1         1        20         0         0
  -0.25189E+00  0.96775E+00 -0.17367E-02 -0.25189E+00  0.96775E+00 -0.17367E-02  0.14000E+02  0.10000E+01  0.19538E-01
         65      1000
       3000         1        40        10         1         0
   0.00000E+00  0.00000E+00  0.00000E+00  0.36798E+00  0.81981E-01 -0.92621E+00  0.14000E+02  0.10000E+01  0.00000E+00
       5000         2         1         0        20         0         0
   0.36798E+00  0.81981E-01 -0.92621E+00  0.36798E+00  0.81981E-01 -0.92621E+00  0.14000E+02  0.10000E+01  0.19538E-01
       9000         2         1         1        20         0         0
   0.36798E+00  0.81981E-01 -0.92621E+00  0.36798E+00  0.81981E-01 -0.92621E+00  0.14000E+02  0.10000E+01  0.19538E-01
         66      1000
       3000         1        40        10         1         0
   0.00000E+00  0.00000E+00  0.00000E+00 -0.65490E+00  0.84476E-01  0.75098E+00  0.14000E+02  0.10000E+01  0.00000E+00
       5000         2         1         0        20         0         0
  -0.65490E+00  0.84476E-01  0.75098E+00 -0.65490E+00  0.84476E-01  0.75098E+00  0.14000E+02  0.10000E+01  0.19538E-01
       9000         2         1         1        20         0         0
  -0.65490E+00  0.84476E-01  0.75098E+00 -0.65490E+00  0.84476E-01  0.75098E+00  0.14000E+02  0.10000E+01  0.19538E-01
         67      1000
       4000         1        40        10         1         0
   0.00000E+00  0.00000E+00  0.00000E+00  0.75058E+00  0.61146E+00  0.25049E+00  0.14000E+02  0.10000E+01  0.00000E+00
       3000         4     92235        18        10         1         1
   0.10812E+00  0.88077E-01  0.36081E-01 -0.14763E+00  0.83981E+00 -0.52242E+00  0.27088E+01  0.99979E+00  0.28143E-02
       5000         5         1         7        20         0         1
  -0.32311E-01  0.88690E+00 -0.46084E+00 -0.14763E+00  0.83981E+00 -0.52242E+00  0.27088E+01  0.99979E+00  0.44688E-01
       2007         5         1         1        20         0         1
  -0.32311E-01  0.88690E+00 -0.46084E+00 -0.14763E+00  0.83981E+00 -0.52242E+00  0.27088E+01  0.99979E+00  0.44688E-01
       4000         4     92235        19        10         1         1
   0.10812E+00  0.88077E-01  0.36081E-01 -0.72561E+00 -0.95664E-01 -0.68142E+00  0.21128E+00  0.99979E+00  0.28143E-02
       3000         4     92235         2        10         1         2
  -0.12014E-01  0.72239E-01 -0.76733E-01 -0.41075E+00 -0.24645E-01 -0.91142E+00  0.21114E+00  0.97271E+00  0.28859E-01
       5000         5         1         4        20         0         2
  -0.39152E+00  0.49468E-01 -0.91884E+00 -0.41075E+00 -0.24645E-01 -0.91142E+00  0.21114E+00  0.97271E+00  0.17426E+00
       2007         5         1         2        20         0         2
  -0.39152E+00  0.49468E-01 -0.91884E+00 -0.41075E+00 -0.24645E-01 -0.91142E+00  0.21114E+00  0.97271E+00  0.17426E+00
       3000         3     92235        19        10         1         1
   0.10812E+00  0.88077E-01  0.36081E-01  0.67085E-01  0.91553E+00  0.39661E+00  0.40647E+01  0.99979E+00  0.28143E-02
       5000         4         1         5        20         0         1
   0.16800E+00  0.90531E+00  0.39011E+00  0.67085E-01  0.91553E+00  0.39661E+00  0.40647E+01  0.99979E+00  0.34928E-01
       2007         4         1         3        20         0         1
   0.16800E+00  0.90531E+00  0.39011E+00  0.67085E-01  0.91553E+00  0.39661E+00  0.40647E+01  0.99979E+00  0.34928E-01
       3000         2     92235        19        10         1         1
   0.10812E+00  0.88077E-01  0.36081E-01  0.52844E+00  0.53862E+00  0.65623E+00  0.32449E+01  0.99979E+00  0.28143E-02
       5000         3         1         3        20         0         1
   0.56765E+00  0.55646E+00  0.60674E+00  0.52844E+00  0.53862E+00  0.65623E+00  0.32449E+01  0.99979E+00  0.37806E-01
       9000         3         1         4        20         0         1
   0.56765E+00  0.55646E+00  0.60674E+00  0.52844E+00  0.53862E+00  0.65623E+00  0.32449E+01  0.99979E+00  0.37806E-01
         68      1000
       3000         1        40        10         1         0
   0.00000E+00  0.00000E+00  0.00000E+00 -0.12980E+00 -0.44569E+00  0.88573E+00  0.14000E+02  0.10000E+01  0.00000E+00
       5000         2         1         0        20         0         0
  -0.12980E+00 -0.44569E+00  0.88573E+00 -0.12980E+00 -0.44569E+00  0.88573E+00  0.14000E+02  0.10000E+01  0.19538E-01
       9000         2         1         1        20         0         0
  -0.12980E+00 -0.44569E+00  0.88573E+00 -0.12980E+00 -0.44569E+00  0.88573E+00  0.14000E+02  0.10000E+01  0.19538E-01
         69      1000
       3000         1        40        10         1         0
   0.00000E+00  0.00000E+00  0.00000E+00 -0.27286E+00  0.89920E+00  0.34205E+00  0.14000E+02  0.10000E+01  0.00000E+00
       5000         2         1         0        20         0         0
  -0.27286E+00  0.89920E+00  0.34205E+00 -0.27286E+00  0.89920E+00  0.34205E+00  0.14000E+02  0.10000E+01  0.19538E-01
       9000         2         1         1        20         0         0
  -0.27286E+00  0.89920E+00  0.34205E+00 -0.27286E+00  0.89920E+00  0.34205E+00  0.14000E+02  0.10000E+01  0.19538E-01
         70      1000
       3000         1        40        10         1         0
   0.00000E+00  0.00000E+00  0.00000E+00  0.33718E+00 -0.26824E+00  0.90242E+00  0.14000E+02  0.10000E+01  0.00000E+00
       5000         2         1         0        20         0         0
   0.33718E+00 -0.26824E+00  0.90242E+00  0.33718E+00 -0.26824E+00  0.90242E+00  0.14000E+02  0.10000E+01  0.19538E-01
       9000         2         1         1        20         0         0
   0.33718E+00 -0.26824E+00  0.90242E+00  0.33718E+00 -0.26824E+00  0.90242E+00  0.14000E+02  0.10000E+01  0.19538E-01
         71      1000
       3000         1        40        10         1         0
   0.00000E+00  0.00000E+00  0.00000E+00 -0.52658E+00 -0.17990E+00  0.83087E+00  0.14000E+02  0.10000E+01  0.00000E+00
       5000         2         1         0        20         0         0
  -0.52658E+00 -0.17990E+00  0.83087E+00 -0.52658E+00 -0.17990E+00  0.83087E+00  0.14000E+02  0.10000E+01  0.19538E-01
       9000         2         1         1        20         0         0
  -0.52658E+00 -0.17990E+00  0.83087E+00 -0.52658E+00 -0.17990E+00  0.83087E+00  0.14000E+02  0.10000E+01  0.19538E-01
         72      1000
       3000         1        40        10         1         0
   0.00000E+00  0.00000E+00  0.00000E+00  0.31691E+00 -0.12698E+00  0.93992E+00  0.14000E+02  0.10000E+01  0.00000E+00
       5000         2         1         0        20         0         0
   0.31691E+00 -0.12698E+00  0.93992E+00  0.31691E+00 -0.12698E+00  0.93992E+00  0.14000E+02  0.10000E+01  0.19538E-01
       9000         2         1         1        20         0         0
   0.31691E+00 -0.12698E+00  0.93992E+00  0.31691E+00 -0.12698E+00  0.93992E+00  0.14000E+02  0.10000E+01  0.19538E-01
         73      1000
       3000         1        40        10         1         0
   0.00000E+00  0.00000E+00  0.00000E+00 -0.98714E+00  0.13483E+00  0.85844E-01  0.14000E+02  0.10000E+01  0.00000E+00
       5000         2         1         0        20         0         0
  -0.98714E+00  0.13483E+00  0.85844E-01 -0.98714E+00  0.13483E+00  0.85844E-01  0.14000E+02  0.10000E+01  0.19538E-01
       9000         2         1         1        20         0         0
  -0.98714E+00  0.13483E+00  0.85844E-01 -0.98714E+00  0.13483E+00  0.85844E-01  0.14000E+02  0.10000E+01  0.19538E-01
         74      1000
       3000         1        40        10         1         0
   0.00000E+00  0.00000E+00  0.00000E+00  0.59711E+00 -0.11318E+00 -0.79414E+00  0.14000E+02  0.10000E+01  0.00000E+00
       5000         2         1         0        20         0         0
   0.59711E+00 -0.11318E+00 -0.79414E+00  0.59711E+00 -0.11318E+00 -0.79414E+00  0.14000E+02  0.10000E+01  0.19538E-01
       9000         2         1         1        20         0         0
   0.59711E+00 -0.11318E+00 -0.79414E+00  0.59711E+00 -0.11318E+00 -0.79414E+00  0.14000E+02  0.10000E+01  0.19538E-01
         75      1000
       3000         1        40        10         1         0
   0.00000E+00  0.00000E+00  0.00000E+00 -0.61935E+00  0.58837E+00 -0.51983E+00  0.14000E+02  0.10000E+01  0.00000E+00
       5000         2         1         0        20         0         0
  -0.61935E+00  0.58837E+00 -0.51983E+00 -0.61935E+00  0.58837E+00 -0.51983E+00  0.14000E+02  0.10000E+01  0.19538E-01
       9000         2         1         1        20         0         0
  -0.61935E+00  0.58837E+00 -0.51983E+00 -0.61935E+00  0.58837E+00 -0.51983E+00  0.14000E+02  0.10000E+01  0.19538E-01
         76      1000
       3000         1        40        10         1         0
   0.00000E+00  0.00000E+00  0.00000E+00 -0.65766E+00 -0.29049E+00 -0.69505E+00  0.14000E+02  0.10000E+01  0.00000E+00
       5000         2         1         0        20         0         0
  -0.65766E+00 -0.29049E+00 -0.69505E+00 -0.65766E+00 -0.29049E+00 -0.69505E+00  0.14000E+02  0.10000E+01  0.19538E-01
       9000         2         1         1        20         0         0
  -0.65766E+00 -0.29049E+00 -0.69505E+00 -0.65766E+00 -0.29049E+00 -0.69505E+00  0.14000E+02  0.10000E+01  0.19538E-01
         77      1000
       3000         1        40        10         1         0
   0.00000E+00  0.00000E+00  0.00000E+00  0.77874E+00 -0.13781E+00 -0.61202E+00  0.14000E+02  0.10000E+01  0.00000E+00
       5000         2         1         0        20         0         0
   0.77874E+00 -0.13781E+00 -0.61202E+00  0.77874E+00 -0.13781E+00 -0.61202E+00  0.14000E+02  0.10000E+01  0.19538E-01
       9000         2         1         1        20         0         0
   0.77874E+00 -0.13781E+00 -0.61202E+00  0.77874E+00 -0.13781E+00 -0.61202E+00  0.14000E+02  0.10000E+01  0.19538E-01
         78      1000
       3000         1        40        10         1         0
   0.00000E+00  0.00000E+00  0.00000E+00  0.67511E-01 -0.11729E-01 -0.99765E+00  0.14000E+02  0.10000E+01  0.00000E+00
       5000         2         1         0        20         0         0
   0.67511E-01 -0.11729E-01 -0.99765E+00  0.67511E-01 -0.11729E-01 -0.99765E+00  0.14000E+02  0.10000E+01  0.19538E-01
       9000         2         1         1        20         0         0
   0.67511E-01 -0.11729E-01 -0.99765E+00  0.67511E-01 -0.11729E-01 -0.99765E+00  0.14000E+02  0.10000E+01  0.19538E-01
         79      1000
       3000         1        40        10         1         0
   0.00000E+00  0.00000E+00  0.00000E+00 -0.55629E+00 -0.15717E+00 -0.81599E+00  0.14000E+02  0.10000E+01  0.00000E+00
       5000         2         1         0        20         0         0
  -0.55629E+00 -0.15717E+00 -0.81599E+00 -0.55629E+00 -0.15717E+00 -0.81599E+00  0.14000E+02  0.10000E+01  0.19538E-01
       9000         2         1         1        20         0         0
  -0.55629E+00 -0.15717E+00 -0.81599E+00 -0.55629E+00 -0.15717E+00 -0.81599E+00  0.14000E+02  0.10000E+01  0.19538E-01
         80      1000
       3000         1        40        10         1         0
   0.00000E+00  0.00000E+00  0.00000E+00  0.29273E+00  0.12074E-01  0.95612E+00  0.14000E+02  0.10000E+01  0.00000E+00
       5000         2         1         0        20         0         0
   0.29273E+00  0.12074E-01  0.95612E+00  0.29273E+00  0.12074E-01  0.95612E+00  0.14000E+02  0.10000E+01  0.19538E-01
       9000         2         1         1        20         0         0
   0.29273E+00  0.12074E-01  0.95612E+00  0.29273E+00  0.12074E-01  0.95612E+00  0.14000E+02  0.10000E+01  0.19538E-01
         81      1000
       3000         1        40        10         1         0
   0.00000E+00  0.00000E+00  0.00000E+00 -0.38281E+00  0.92376E+00  0.10923E-01  0.14000E+02  0.10000E+01  0.00000E+00
       5000         2         1         0        20         0         0
  -0.38281E+00  0.92376E+00  0.10923E-01 -0.38281E+00  0.92376E+00  0.10923E-01  0.14000E+02  0.10000E+01  0.19538E-01
       9000         2         1         1        20         0         0
  -0.38281E+00  0.92376E+00  0.10923E-01 -0.38281E+00  0.92376E+00  0.10923E-01  0.14000E+02  0.10000E+01  0.19538E-01
         82      1000
       3000         1        40        10         1         0
   0.00000E+00  0.00000E+00  0.00000E+00  0.41148E+00 -0.58416E+00  0.69960E+00  0.14000E+02  0.10000E+01  0.00000E+00
       5000         2         1         0        20         0         0
   0.41148E+00 -0.58416E+00  0.69960E+00  0.41148E+00 -0.58416E+00  0.69960E+00  0.14000E+02  0.10000E+01  0.19538E-01
       9000         2         1         1        20         0         0
   0.41148E+00 -0.58416E+00  0.69960E+00  0.41148E+00 -0.58416E+00  0.69960E+00  0.14000E+02  0.10000E+01  0.19538E-01
         83      1000
       4000         1        40        10         1         0
   0.00000E+00  0.00000E+00  0.00000E+00  0.29648E+00 -0.20098E-01  0.95483E+00  0.14000E+02  0.10000E+01  0.00000E+00
       4000         2     92235        16        10         1         1
   0.94571E-01 -0.64108E-02  0.30457E+00 -0.52562E+00 -0.41802E+00  0.74093E+00  0.11182E+01  0.99979E+00  0.62323E-02
       3000         2     92235        91        10         1         2
  -0.19262E+00 -0.23481E+00  0.70940E+00  0.51858E+00  0.38951E+00 -0.76116E+00  0.13530E+00  0.98461E+00  0.43621E-01
       5000         3         1        14        20         0         2
   0.68923E+00  0.42756E+00 -0.58495E+00  0.51858E+00  0.38951E+00 -0.76116E+00  0.13530E+00  0.98461E+00  0.37790E+00
       2007         3         1         1        20         0         2
   0.68923E+00  0.42756E+00 -0.58495E+00  0.51858E+00  0.38951E+00 -0.76116E+00  0.13530E+00  0.98461E+00  0.37790E+00
       3000         2     92235        -2        10         1         1
   0.94571E-01 -0.64108E-02  0.30457E+00  0.79616E+00 -0.58511E+00  0.15418E+00  0.36047E+00  0.99979E+00  0.62323E-02
       5000         3         1        17        20         0         1
   0.75546E+00 -0.49211E+00  0.43256E+00  0.79616E+00 -0.58511E+00  0.15418E+00  0.36047E+00  0.99979E+00  0.10622E+00
       9000         3         1         2        20         0         1
   0.75546E+00 -0.49211E+00  0.43256E+00  0.79616E+00 -0.58511E+00  0.15418E+00  0.36047E+00  0.99979E+00  0.10622E+00
         84      1000
       3000         1        40        10         1         0
   0.00000E+00  0.00000E+00  0.00000E+00  0.56079E+00  0.27143E+00  0.78220E+00  0.14000E+02  0.10000E+01  0.00000E+00
       5000         2         1         0        20         0         0
   0.56079E+00  0.27143E+00  0.78220E+00  0.56079E+00  0.27143E+00  0.78220E+00  0.14000E+02  0.10000E+01  0.19538E-01
       9000         2         1         1        20         0         0
   0.56079E+00  0.27143E+00  0.78220E+00  0.56079E+00  0.27143E+00  0.78220E+00  0.14000E+02  0.10000E+01  0.19538E-01
         85      1000
       3000         1        40        10         1         0
   0.00000E+00  0.00000E+00  0.00000E+00 -0.79739E+00 -0.42294E+00 -0.43047E+00  0.14000E+02  0.10000E+01  0.00000E+00
       5000         2         1         0        20         0         0
  -0.79739E+00 -0.42294E+00 -0.43047E+00 -0.79739E+00 -0.42294E+00 -0.43047E+00  0.14000E+02  0.10000E+01  0.19538E-01
       9000         2         1         1        20         0         0
  -0.79739E+00 -0.42294E+00 -0.43047E+00 -0.79739E+00 -0.42294E+00 -0.43047E+00  0.14000E+02  0.10000E+01  0.19538E-01
         86      1000
       3000         1        40        10         1         0
   0.00000E+00  0.00000E+00  0.00000E+00 -0.71639E+00 -0.65381E+00 -0.24357E+00  0.14000E+02  0.10000E+01  0.00000E+00
       5000         2         1         0        20         0         0
  -0.71639E+00 -0.65381E+00 -0.24357E+00 -0.71639E+00 -0.65381E+00 -0.24357E+00  0.14000E+02  0.10000E+01  0.19538E-01
       9000         2         1         1        20         0         0
  -0.71639E+00 -0.65381E+00 -0.24357E+00 -0.71639E+00 -0.65381E+00 -0.24357E+00  0.14000E+02  0.10000E+01  0.19538E-01
         87      1000
       3000         1        40        10         1         0
   0.00000E+00  0.00000E+00  0.00000E+00  0.25564E+00  0.96623E+00  0.32489E-01  0.14000E+02  0.10000E+01  0.00000E+00
       5000         2         1         0        20         0         0
   0.25564E+00  0.96623E+00  0.32489E-01  0.25564E+00  0.96623E+00  0.32489E-01  0.14000E+02  0.10000E+01  0.19538E-01
       9000         2         1         1        20         0         0
   0.25564E+00  0.96623E+00  0.32489E-01  0.25564E+00  0.96623E+00  0.32489E-01  0.14000E+02  0.10000E+01  0.19538E-01
         88      1000
       3000         1        40        10         1         0
   0.00000E+00  0.00000E+00  0.00000E+00  0.13786E+00  0.62594E+00  0.76759E+00  0.14000E+02  0.10000E+01  0.00000E+00
       5000         2         1         0        20         0         0
   0.13786E+00  0.62594E+00  0.76759E+00  0.13786E+00  0.62594E+00  0.76759E+00  0.14000E+02  0.10000E+01  0.19538E-01
       9000         2         1         1        20         0         0
   0.13786E+00  0.62594E+00  0.76759E+00  0.13786E+00  0.62594E+00  0.76759E+00  0.14000E+02  0.10000E+01  0.19538E-01
         89      1000
       4000         1        40        10         1         0
   0.00000E+00  0.00000E+00  0.00000E+00  0.49174E+00  0.71345E+00 -0.49918E+00  0.14000E+02  0.10000E+01  0.00000E+00
       3000         5     92235        18        10         1         1
   0.33824E+00  0.49074E+00 -0.34336E+00  0.46367E+00  0.28238E+00  0.83981E+00  0.20878E+01  0.99979E+00  0.13439E-01
       5000         6         1        43        20         0         1
   0.67155E+00  0.69372E+00  0.26033E+00  0.46367E+00  0.28238E+00  0.83981E+00  0.20878E+01  0.99979E+00  0.49467E-01
       2007         6         1         1        20         0         1
   0.67155E+00  0.69372E+00  0.26033E+00  0.46367E+00  0.28238E+00  0.83981E+00  0.20878E+01  0.99979E+00  0.49467E-01
       3000         5     92235        19        10         1         1
   0.33824E+00  0.49074E+00 -0.34336E+00  0.44505E+00  0.63875E+00 -0.62764E+00  0.43271E+01  0.99979E+00  0.13439E-01
       5000         6         1         6        20         0         1
   0.47833E+00  0.69180E+00 -0.54093E+00  0.44505E+00  0.63875E+00 -0.62764E+00  0.43271E+01  0.99979E+00  0.24417E-01
       2007         6         1         2        20         0         1
   0.47833E+00  0.69180E+00 -0.54093E+00  0.44505E+00  0.63875E+00 -0.62764E+00  0.43271E+01  0.99979E+00  0.24417E-01
       4000         4     92235        19        10         1         1
   0.33824E+00  0.49074E+00 -0.34336E+00  0.10184E+00 -0.88824E+00 -0.44795E+00  0.19109E+01  0.99979E+00  0.13439E-01
       3000         7     92235        18        10         1         2
   0.34493E+00  0.43238E+00 -0.37279E+00  0.39673E+00  0.50693E-01  0.91653E+00  0.74864E+00  0.99080E+00  0.16880E-01
       5000         8         1        39        20         0         2
   0.72186E+00  0.48055E+00  0.49799E+00  0.39673E+00  0.50693E-01  0.91653E+00  0.74864E+00  0.99080E+00  0.96316E-01
       2007         8         1         3        20         0         2
   0.72186E+00  0.48055E+00  0.49799E+00  0.39673E+00  0.50693E-01  0.91653E+00  0.74864E+00  0.99080E+00  0.96316E-01
       3000         7     92235        19        10         1         2
   0.34493E+00  0.43238E+00 -0.37279E+00 -0.75769E+00  0.27180E+00 -0.59332E+00  0.99767E+00  0.99080E+00  0.16880E-01
       5000         8         1        41        20         0         2
  -0.16401E+00  0.61495E+00 -0.77132E+00 -0.75769E+00  0.27180E+00 -0.59332E+00  0.99767E+00  0.99080E+00  0.65539E-01
       2007         8         1         4        20         0         2
  -0.16401E+00  0.61495E+00 -0.77132E+00 -0.75769E+00  0.27180E+00 -0.59332E+00  0.99767E+00  0.99080E+00  0.65539E-01
       3000         6     92235        19        10         1         2
   0.34493E+00  0.43238E+00 -0.37279E+00  0.40334E+00 -0.79585E+00  0.45160E+00  0.42658E+00  0.99080E+00  0.16880E-01
       5000         7         1        33        20         0         2
   0.83164E+00 -0.52796E+00  0.17215E+00  0.40334E+00 -0.79585E+00  0.45160E+00  0.42658E+00  0.99080E+00  0.15050E+00
       2007         7         1         5        20         0         2
   0.83164E+00 -0.52796E+00  0.17215E+00  0.40334E+00 -0.79585E+00  0.45160E+00  0.42658E+00  0.99080E+00  0.15050E+00
       3000         5     92235        19        10         1         2
   0.34493E+00  0.43238E+00 -0.37279E+00 -0.16621E+00 -0.81632E-01 -0.98271E+00  0.19775E+01  0.99080E+00  0.16880E-01
       5000         6         1        37        20         0         2
   0.25850E+00  0.38993E+00 -0.88382E+00 -0.16621E+00 -0.81632E-01 -0.98271E+00  0.19775E+01  0.99080E+00  0.43658E-01
       2007         6         1         6        20         0         2
   0.25850E+00  0.38993E+00 -0.88382E+00 -0.16621E+00 -0.81632E-01 -0.98271E+00  0.19775E+01  0.99080E+00  0.43658E-01
       3000         3     92235        19        10         1         1
   0.33824E+00  0.49074E+00 -0.34336E+00  0.23739E+00 -0.73871E+00 -0.63084E+00  0.63713E+00  0.99979E+00  0.13439E-01
       5000         4         1        43        20         0         1
   0.52683E+00 -0.96120E-01 -0.84452E+00  0.23739E+00 -0.73871E+00 -0.63084E+00  0.63713E+00  0.99979E+00  0.85433E-01
       2007         4         1         7        20         0         1
   0.52683E+00 -0.96120E-01 -0.84452E+00  0.23739E+00 -0.73871E+00 -0.63084E+00  0.63713E+00  0.99979E+00  0.85433E-01
       3000         2     92235        19        10         1         1
   0.33824E+00  0.49074E+00 -0.34336E+00  0.19175E+00 -0.23526E+00  0.95283E+00  0.41150E+01  0.99979E+00  0.13439E-01
       5000         3         1        35        20         0         1
   0.56758E+00  0.20937E+00  0.79625E+00  0.19175E+00 -0.23526E+00  0.95283E+00  0.41150E+01  0.99979E+00  0.56206E-01
       9000         3         1         8        20         0         1
   0.56758E+00  0.20937E+00  0.79625E+00  0.19175E+00 -0.23526E+00  0.95283E+00  0.41150E+01  0.99979E+00  0.56206E-01
         90      1000
       3000         1        40        10         1         0
   0.00000E+00  0.00000E+00  0.00000E+00 -0.73682E+00 -0.23043E+00 -0.63561E+00  0.14000E+02  0.10000E+01  0.00000E+00
       5000         2         1         0        20         0         0
  -0.73682E+00 -0.23043E+00 -0.63561E+00 -0.73682E+00 -0.23043E+00 -0.63561E+00  0.14000E+02  0.10000E+01  0.19538E-01
       9000         2         1         1        20         0         0
  -0.73682E+00 -0.23043E+00 -0.63561E+00 -0.73682E+00 -0.23043E+00 -0.63561E+00  0.14000E+02  0.10000E+01  0.19538E-01
         91      1000
       3000         1        40        10         1         0
   0.00000E+00  0.00000E+00  0.00000E+00  0.97165E+00  0.13681E+00  0.19284E+00  0.14000E+02  0.10000E+01  0.00000E+00
       5000         2         1         0        20         0         0
   0.97165E+00  0.13681E+00  0.19284E+00  0.97165E+00  0.13681E+00  0.19284E+00  0.14000E+02  0.10000E+01  0.19538E-01
       9000         2         1         1        20         0         0
   0.97165E+00  0.13681E+00  0.19284E+00  0.97165E+00  0.13681E+00  0.19284E+00  0.14000E+02  0.10000E+01  0.19538E-01
         92      1000
       4000         1        40        10         1         0
   0.00000E+00  0.00000E+00  0.00000E+00  0.80007E+00  0.50555E+00  0.32297E+00  0.14000E+02  0.10000E+01  0.00000E+00
       3000         1     92235         2        10         1         1
   0.59849E+00  0.37817E+00  0.24159E+00  0.81869E+00  0.45760E+00  0.34691E+00  0.14000E+02  0.99979E+00  0.14615E-01
       5000         2         1         2        20         0         1
   0.80501E+00  0.49360E+00  0.32910E+00  0.81869E+00  0.45760E+00  0.34691E+00  0.14000E+02  0.99979E+00  0.19544E-01
       9000         2         1         1        20         0         1
   0.80501E+00  0.49360E+00  0.32910E+00  0.81869E+00  0.45760E+00  0.34691E+00  0.14000E+02  0.99979E+00  0.19544E-01
         93      1000
       3000         1        40        10         1         0
   0.00000E+00  0.00000E+00  0.00000E+00  0.11942E+00  0.65665E+00 -0.74468E+00  0.14000E+02  0.10000E+01  0.00000E+00
       5000         2         1         0        20         0         0
   0.11942E+00  0.65665E+00 -0.74468E+00  0.11942E+00  0.65665E+00 -0.74468E+00  0.14000E+02  0.10000E+01  0.19538E-01
       9000         2         1         1        20         0         0
   0.11942E+00  0.65665E+00 -0.74468E+00  0.11942E+00  0.65665E+00 -0.74468E+00  0.14000E+02  0.10000E+01  0.19538E-01
         94      1000
       3000         1        40        10         1         0
   0.00000E+00  0.00000E+00  0.00000E+00  0.95409E+00 -0.24475E+00 -0.17267E+00  0.14000E+02  0.10000E+01  0.00000E+00
       5000         2         1         0        20         0         0
   0.95409E+00 -0.24475E+00 -0.17267E+00  0.95409E+00 -0.24475E+00 -0.17267E+00  0.14000E+02  0.10000E+01  0.19538E-01
       9000         2         1         1        20         0         0
   0.95409E+00 -0.24475E+00 -0.17267E+00  0.95409E+00 -0.24475E+00 -0.17267E+00  0.14000E+02  0.10000E+01  0.19538E-01
         95      1000
       3000         1        40        10         1         0
   0.00000E+00  0.00000E+00  0.00000E+00 -0.26129E-01 -0.84069E+00  0.54088E+00  0.14000E+02  0.10000E+01  0.00000E+00
       5000         2         1         0        20         0         0
  -0.26129E-01 -0.84069E+00  0.54088E+00 -0.26129E-01 -0.84069E+00  0.54088E+00  0.14000E+02  0.10000E+01  0.19538E-01
       9000         2         1         1        20         0         0
  -0.26129E-01 -0.84069E+00  0.54088E+00 -0.26129E-01 -0.84069E+00  0.54088E+00  0.14000E+02  0.10000E+01  0.19538E-01
         96      1000
       3000         1        40        10         1         0
   0.00000E+00  0.00000E+00  0.00000E+00  0.94028E+00 -0.10361E+00  0.32425E+00  0.14000E+02  0.10000E+01  0.00000E+00
       5000         2         1         0        20         0         0
   0.94028E+00 -0.10361E+00  0.32425E+00  0.94028E+00 -0.10361E+00  0.32425E+00  0.14000E+02  0.10000E+01  0.19538E-01
       9000         2         1         1        20         0         0
   0.94028E+00 -0.10361E+00  0.32425E+00  0.94028E+00 -0.10361E+00  0.32425E+00  0.14000E+02  0.10000E+01  0.19538E-01
         97      1000
       4000         1        40        10         1         0
   0.00000E+00  0.00000E+00  0.00000E+00  0.55198E+00  0.78478E+00  0.28184E+00  0.14000E+02  0.10000E+01  0.00000E+00
       3000         3     92235        18        10         1         1
   0.46003E-01  0.65406E-01  0.23490E-01 -0.95370E+00 -0.29070E+00  0.77133E-01  0.53048E+01  0.99979E+00  0.16283E-02
       5000         4         1         3        20         0         1
  -0.96441E+00 -0.24258E+00  0.10521E+00 -0.95370E+00 -0.29070E+00  0.77133E-01  0.53048E+01  0.99979E+00  0.35026E-01
       2007         4         1         1        20         0         1
  -0.96441E+00 -0.24258E+00  0.10521E+00 -0.95370E+00 -0.29070E+00  0.77133E-01  0.53048E+01  0.99979E+00  0.35026E-01
       4000         3     92235        19        10         1         1
   0.46003E-01  0.65406E-01  0.23490E-01  0.26283E+00  0.85563E-01 -0.96104E+00  0.13593E+01  0.99979E+00  0.16283E-02
       4000         5     92235        18        10         1         2
   0.11328E+00  0.87309E-01 -0.22252E+00  0.25590E+00 -0.56885E+00  0.78162E+00  0.14117E+01  0.98632E+00  0.17520E-01
       3000         5     92235        91        10         1         3
   0.32458E+00 -0.38240E+00  0.42287E+00 -0.42329E-01  0.16896E+00  0.98471E+00  0.15957E+00  0.97344E+00  0.67822E-01
       5000         6         1        34        20         0         3
   0.30389E+00 -0.29980E+00  0.90431E+00 -0.42329E-01  0.16896E+00  0.98471E+00  0.15957E+00  0.97344E+00  0.15632E+00
       2007         6         1         2        20         0         3
   0.30389E+00 -0.29980E+00  0.90431E+00 -0.42329E-01  0.16896E+00  0.98471E+00  0.15957E+00  0.97344E+00  0.15632E+00
       3000         5     92235        19        10         1         2
   0.11328E+00  0.87309E-01 -0.22252E+00  0.81905E+00  0.46881E+00 -0.33073E+00  0.22154E+01  0.98632E+00  0.17520E-01
       5000         6         1         9        20         0         2
   0.75140E+00  0.45256E+00 -0.48019E+00  0.81905E+00  0.46881E+00 -0.33073E+00  0.22154E+01  0.98632E+00  0.55431E-01
       2007         6         1         3        20         0         2
   0.75140E+00  0.45256E+00 -0.48019E+00  0.81905E+00  0.46881E+00 -0.33073E+00  0.22154E+01  0.98632E+00  0.55431E-01
       3000         4     92235        19        10         1         2
   0.11328E+00  0.87309E-01 -0.22252E+00 -0.49780E+00 -0.13473E+00 -0.85676E+00  0.78087E+00  0.98632E+00  0.17520E-01
       5000         5         1        13        20         0         2
  -0.30967E+00 -0.27165E-01 -0.95046E+00 -0.49780E+00 -0.13473E+00 -0.85676E+00  0.78087E+00  0.98632E+00  0.87077E-01
       2007         5         1         4        20         0         2
  -0.30967E+00 -0.27165E-01 -0.95046E+00 -0.49780E+00 -0.13473E+00 -0.85676E+00  0.78087E+00  0.98632E+00  0.87077E-01
       4000         2     92235        19        10         1         1
   0.46003E-01  0.65406E-01  0.23490E-01 -0.68279E+00  0.43272E+00 -0.58868E+00  0.63903E+00  0.99979E+00  0.16283E-02
       3000         2     92235         2        10         1         2
  -0.24709E+00  0.25115E+00 -0.22920E+00 -0.70968E+00  0.61883E+00  0.33676E+00  0.63659E+00  0.98166E+00  0.40470E-01
       5000         3         1        19        20         0         2
  -0.73575E+00  0.67725E+00  0.26797E-02 -0.70968E+00  0.61883E+00  0.33676E+00  0.63659E+00  0.98166E+00  0.10290E+00
       9000         3         1         5        20         0         2
  -0.73575E+00  0.67725E+00  0.26797E-02 -0.70968E+00  0.61883E+00  0.33676E+00  0.63659E+00  0.98166E+00  0.10290E+00
         98      1000
       3000         1        40        10         1         0
   0.00000E+00  0.00000E+00  0.00000E+00 -0.20253E+00  0.44779E+00  0.87090E+00  0.14000E+02  0.10000E+01  0.00000E+00
       5000         2         1         0        20         0         0
  -0.20253E+00  0.44779E+00  0.87090E+00 -0.20253E+00  0.44779E+00  0.87090E+00  0.14000E+02  0.10000E+01  0.19538E-01
       9000         2         1         1        20         0         0
  -0.20253E+00  0.44779E+00  0.87090E+00 -0.20253E+00  0.44779E+00  0.87090E+00  0.14000E+02  0.10000E+01  0.19538E-01
         99      1000
       4000         1        40        10         1         0
   0.00000E+00  0.00000E+00  0.00000E+00  0.35963E+00 -0.19306E+00  0.91291E+00  0.14000E+02  0.10000E+01  0.00000E+00
       3000         1     92235         2        10         1         1
   0.13388E+00 -0.71871E-01  0.33985E+00  0.36777E+00 -0.10871E+00  0.92354E+00  0.14000E+02  0.99979E+00  0.72735E-02
       5000         2         1         1        20         0         1
   0.36505E+00 -0.14021E+00  0.92037E+00  0.36777E+00 -0.10871E+00  0.92354E+00  0.14000E+02  0.99979E+00  0.19555E-01
       9000         2         1         1        20         0         1
   0.36505E+00 -0.14021E+00  0.92037E+00  0.36777E+00 -0.10871E+00  0.92354E+00  0.14000E+02  0.99979E+00  0.19555E-01
        100      1000
       3000         1        40        10         1         0
   0.00000E+00  0.00000E+00  0.00000E+00  0.33196E+00  0.78717E+00 -0.51978E+00  0.14000E+02  0.10000E+01  0.00000E+00
       5000         2         1         0        20         0         0
   0.33196E+00  0.78717E+00 -0.51978E+00  0.33196E+00  0.78717E+00 -0.51978E+00  0.14000E+02  0.10000E+01  0.19538E-01
       9000         2         1         1        20         0         0
   0.33196E+00  0.78717E+00 -0.51978E+00  0.33196E+00  0.78717E+00 -0.51978E+00  0.14000E+02  0.10000E+01  0.19538E-01
